Timestamp,User Count,Type,Name,Requests/s,Failures/s,50%,66%,75%,80%,90%,95%,98%,99%,99.9%,99.99%,100%,Total Request Count,Total Failure Count,Total Median Response Time,Total Average Response Time,Total Min Response Time,Total Max Response Time,Total Average Content Size
1783336113,0,,Aggregated,0.000000,0.000000,N/A,N/A,N/A,N/A,N/A,N/A,N/A,N/A,N/A,N/A,N/A,0,0,0,0.0,0,0,0
1783336114,50,,Aggregated,0.000000,0.000000,N/A,N/A,N/A,N/A,N/A,N/A,N/A,N/A,N/A,N/A,N/A,0,0,0,0.0,0,0,0
1783336115,50,,Aggregated,0.000000,0.000000,N/A,N/A,N/A,N/A,N/A,N/A,N/A,N/A,N/A,N/A,N/A,0,0,0,0.0,0,0,0
1783336116,50,,Aggregated,0.000000,0.000000,72,120,150,210,2400,2700,2700,2700,2700,2700,2700,55,0,72,519.1263449478852,21.144789003301412,2699.778749985853,5654.545454545455
1783336117,50,,Aggregated,0.000000,0.000000,72,110,150,2300,3300,3800,3900,3900,4000,4000,4000,144,0,71,753.6582516885472,6.517135974718258,3954.6652940043714,5607.763888888889
1783336118,50,,Aggregated,0.000000,0.000000,70,100,130,150,3800,4000,4100,4100,4200,4200,4200,316,0,69,623.1740979028127,3.6000680120196193,4222.2871640115045,6773.006329113924
1783336119,50,,Aggregated,15.000000,0.000000,66,95,120,140,3300,4000,4100,4100,4200,4200,4200,332,0,66,593.8072181936194,3.6000680120196193,4222.2871640115045,6719.753012048192
1783336120,50,,Aggregated,38.400000,0.000000,62,90,120,140,3200,4000,4100,4100,4200,4200,4200,353,0,62,559.2029142132815,3.6000680120196193,4222.2871640115045,6665.671388101983
1783336121,50,,Aggregated,52.666667,0.000000,57,86,120,130,3200,4000,4100,4100,4200,4200,4200,383,0,57,517.9987704209915,3.6000680120196193,4222.2871640115045,6522.462140992167
1783336122,50,,Aggregated,47.857143,0.000000,55,81,110,130,2700,3900,4100,4100,4200,4200,4200,402,0,54,494.25693256004405,3.6000680120196193,4222.2871640115045,6413.980099502488
1783336123,50,,Aggregated,44.375000,0.000000,51,78,100,120,2700,3900,4100,4100,4200,4200,4200,426,0,51,467.3266860826827,3.6000680120196193,4222.2871640115045,6285.453051643192
1783336124,50,,Aggregated,42.777778,0.000000,47,74,98,120,2400,3900,4100,4100,4200,4200,4200,451,0,47,442.31970027984045,3.6000680120196193,4222.2871640115045,6252.769401330377
1783336125,50,,Aggregated,40.400000,0.000000,46,72,92,120,2300,3900,4100,4100,4200,4200,4200,469,0,46,425.8796992049719,3.6000680120196193,4222.2871640115045,6174.5842217484005
1783336126,50,,Aggregated,42.800000,0.000000,43,68,90,110,2300,3900,4100,4100,4200,4200,4200,496,0,43,403.43498157680216,3.6000680120196193,4222.2871640115045,6200.667338709677
1783336127,50,,Aggregated,45.300000,0.000000,41,64,86,110,210,3900,4100,4100,4200,4200,4200,519,0,41,386.0774177497478,3.6000680120196193,4222.2871640115045,6218.14450867052
1783336128,50,,Aggregated,47.400000,0.000000,40,59,82,100,200,3800,4100,4100,4200,4200,4200,542,0,40,370.2082023876947,3.6000680120196193,4222.2871640115045,6176.081180811808
1783336129,50,,Aggregated,43.600000,0.000000,38,58,80,98,190,3800,4100,4100,4200,4200,4200,561,0,38,358.3587855439398,3.6000680120196193,4222.2871640115045,6247.338680926916
1783336130,50,,Aggregated,32.900000,0.000000,37,57,79,95,160,3800,4100,4100,4200,4200,4200,584,0,36,344.8766514095589,3.6000680120196193,4222.2871640115045,6303.032534246576
1783336131,50,,Aggregated,22.600000,0.000000,34,56,78,93,160,3800,4100,4100,4200,4200,4200,605,0,34,333.81133376883366,3.6000680120196193,4222.2871640115045,6266.054545454545
1783336132,50,,Aggregated,22.800000,0.000000,33,54,77,91,150,3800,4100,4100,4200,4200,4200,627,0,33,322.64435346276565,3.6000680120196193,4222.2871640115045,6268.588516746411
1783336133,50,,Aggregated,23.100000,0.000000,31,53,74,88,150,3300,4100,4100,4200,4200,4200,652,0,30,310.77595182843226,3.6000680120196193,4222.2871640115045,6239.20245398773
1783336134,50,,Aggregated,22.100000,0.000000,27,51,72,86,140,3300,4100,4100,4200,4200,4200,671,0,27,302.30766281697396,3.6000680120196193,4222.2871640115045,6277.12220566319
1783336135,50,,Aggregated,22.500000,0.000000,24,47,68,82,140,3200,4100,4100,4200,4200,4200,703,0,24,289.0620402392142,3.143203997751698,4222.2871640115045,6239.651493598862
1783336136,50,,Aggregated,22.600000,0.000000,22,47,66,81,140,3200,4100,4100,4200,4200,4200,724,0,22,281.040135390998,3.143203997751698,4222.2871640115045,6240.273480662983
1783336137,50,,Aggregated,22.200000,0.000000,19,45,64,79,130,3200,4100,4100,4200,4200,4200,750,0,19,271.60575128812343,3.143203997751698,4222.2871640115045,6289.158666666666
1783336138,50,,Aggregated,23.000000,0.000000,18,44,62,78,130,3200,4000,4100,4200,4200,4200,768,0,18,265.5620887760885,3.143203997751698,4222.2871640115045,6232.536458333333
1783336139,50,,Aggregated,23.000000,0.000000,16,43,58,76,130,3100,4000,4100,4200,4200,4200,795,0,16,256.9015044654184,3.143203997751698,4222.2871640115045,6269.700628930817
1783336140,50,,Aggregated,23.100000,0.000000,16,42,56,74,120,2700,4000,4100,4200,4200,4200,824,0,16,248.25703345869417,3.143203997751698,4222.2871640115045,6305.941747572816
1783336141,50,,Aggregated,22.700000,0.000000,15,41,55,72,120,2700,4000,4100,4200,4200,4200,840,0,15,243.7283742095003,3.143203997751698,4222.2871640115045,6287.5
1783336142,50,,Aggregated,23.300000,0.000000,15,40,54,70,120,2700,4000,4100,4200,4200,4200,864,0,15,237.28578922337977,3.143203997751698,4222.2871640115045,6270.050925925926
1783336143,50,,Aggregated,23.800000,0.000000,15,40,53,68,120,2600,4000,4100,4200,4200,4200,885,0,15,232.16302024406423,3.143203997751698,4222.2871640115045,6319.194350282486
1783336144,50,,Aggregated,23.400000,0.000000,14,39,53,66,120,2400,4000,4100,4200,4200,4200,909,0,14,226.382125163916,3.143203997751698,4222.2871640115045,6296.849284928493
1783336145,50,,Aggregated,23.500000,0.000000,14,39,51,64,120,2300,4000,4100,4200,4200,4200,937,0,14,220.00674153045102,3.143203997751698,4222.2871640115045,6325.838847385272
1783336146,50,,Aggregated,23.300000,0.000000,14,38,50,63,120,2300,4000,4100,4200,4200,4200,959,0,14,215.21326176642768,3.143203997751698,4222.2871640115045,6292.3482794577685
1783336147,50,,Aggregated,23.500000,0.000000,14,38,48,62,120,2300,4000,4100,4200,4200,4200,978,0,14,211.31383047240013,3.143203997751698,4222.2871640115045,6302.828220858895
1783336148,50,,Aggregated,23.300000,0.000000,13,37,48,59,110,220,3900,4100,4200,4200,4200,1001,0,13,206.87594935965524,3.143203997751698,4222.2871640115045,6305.511488511488
1783336149,50,,Aggregated,23.400000,0.000000,13,35,47,58,110,210,3900,4100,4200,4200,4200,1034,0,13,200.88309426695142,3.143203997751698,4222.2871640115045,6232.471953578337
1783336150,50,,Aggregated,22.600000,0.000000,13,34,47,57,110,210,3900,4100,4200,4200,4200,1054,0,13,197.3999778587299,3.143203997751698,4222.2871640115045,6197.0607210626185
1783336151,50,,Aggregated,23.200000,0.000000,13,33,47,57,100,200,3900,4100,4200,4200,4200,1077,0,13,193.41268502054746,3.143203997751698,4222.2871640115045,6197.136490250697
1783336152,50,,Aggregated,23.800000,0.000000,13,33,46,56,100,200,3900,4100,4200,4200,4200,1102,0,13,189.4722133077047,3.143203997751698,4222.2871640115045,6185.823049001815
1783336153,50,,Aggregated,23.000000,0.000000,13,32,46,55,100,190,3900,4100,4200,4200,4200,1124,0,13,185.99194273844282,3.143203997751698,4222.2871640115045,6206.680604982206
1783336155,50,,Aggregated,23.700000,0.000000,12,31,45,54,98,180,3900,4100,4200,4200,4200,1147,0,12,182.4286052213824,3.143203997751698,4222.2871640115045,6225.414995640802
1783336156,50,,Aggregated,23.800000,0.000000,12,30,44,54,96,160,3900,4100,4200,4200,4200,1170,0,12,179.075365548637,3.143203997751698,4222.2871640115045,6251.8538461538465
1783336157,50,,Aggregated,23.700000,0.000000,12,29,44,53,95,160,3900,4100,4200,4200,4200,1197,0,12,175.4835319364231,3.143203997751698,4222.2871640115045,6255.436925647452
1783336158,50,,Aggregated,23.300000,0.000000,12,26,43,53,95,160,3900,4100,4200,4200,4200,1220,0,11,172.4334681269209,3.143203997751698,4222.2871640115045,6259.311475409836
1783336159,50,,Aggregated,23.300000,0.000000,11,25,43,52,93,150,3900,4100,4200,4200,4200,1240,0,11,169.83106873453983,3.143203997751698,4222.2871640115045,6297.363709677419
1783336160,50,,Aggregated,24.100000,0.000000,11,25,43,51,92,150,3900,4100,4200,4200,4200,1262,0,11,167.17199511870686,3.143203997751698,4222.2871640115045,6274.644215530903
1783336161,50,,Aggregated,23.900000,0.000000,11,24,42,51,91,150,3900,4100,4200,4200,4200,1287,0,11,164.20360272552162,3.143203997751698,4222.2871640115045,6248.6402486402485
1783336162,50,,Aggregated,23.900000,0.000000,11,23,42,50,90,150,3800,4100,4200,4200,4200,1309,0,11,161.66440041009085,3.143203997751698,4222.2871640115045,6244.103132161956
1783336163,50,,Aggregated,22.600000,0.000000,11,21,42,48,88,140,3800,4100,4200,4200,4200,1331,0,11,159.20585318095738,3.143203997751698,4222.2871640115045,6217.447032306536
1783336164,50,,Aggregated,23.200000,0.000000,11,20,41,48,87,140,3800,4100,4200,4200,4200,1357,0,11,156.3207668422537,3.143203997751698,4222.2871640115045,6186.701547531319
1783336165,50,,Aggregated,22.900000,0.000000,11,20,40,47,87,140,3800,4100,4200,4200,4200,1380,0,11,154.00745633405808,3.143203997751698,4222.2871640115045,6181.961594202899
1783336166,50,,Aggregated,23.200000,0.000000,10,19,40,47,86,140,3800,4100,4200,4200,4200,1403,0,10,151.7242476857232,3.143203997751698,4222.2871640115045,6139.803278688524
1783336167,50,,Aggregated,23.200000,0.000000,10,19,40,47,86,140,3800,4100,4200,4200,4200,1427,0,10,149.54648370921535,3.143203997751698,4222.2871640115045,6139.949544498949
1783336168,50,,Aggregated,23.100000,0.000000,10,18,40,47,86,140,3800,4100,4200,4200,4200,1454,0,10,147.01051446225685,3.143203997751698,4222.2871640115045,6148.207702888583
1783336169,50,,Aggregated,22.900000,0.000000,9,18,39,47,86,130,3800,4100,4200,4200,4200,1476,0,9,145.0483531721973,3.143203997751698,4222.2871640115045,6126.242547425474
1783336170,50,,Aggregated,23.200000,0.000000,9,17,39,46,84,130,3800,4000,4200,4200,4200,1501,0,9,142.8646963405135,3.143203997751698,4222.2871640115045,6133.960026648901
1783336171,50,,Aggregated,23.500000,0.000000,9,17,39,46,82,130,3800,4000,4200,4200,4200,1524,0,9,140.98037313196315,3.143203997751698,4222.2871640115045,6116.677821522309
1783336172,50,,Aggregated,23.500000,0.000000,9,17,38,46,82,130,3800,4000,4200,4200,4200,1545,0,9,139.205730292011,3.143203997751698,4222.2871640115045,6108.991585760517
1783336173,50,,Aggregated,23.600000,0.000000,9,16,38,46,81,130,3800,4000,4200,4200,4200,1566,0,9,137.44203166870102,3.143203997751698,4222.2871640115045,6097.318646232439
1783336174,50,,Aggregated,23.600000,0.000000,9,16,38,45,80,130,3800,4000,4200,4200,4200,1594,0,9,135.28396954899156,3.143203997751698,4222.2871640115045,6097.513801756587
1783336175,50,,Aggregated,23.400000,0.000000,9,16,37,44,80,130,3300,4000,4200,4200,4200,1617,0,9,133.47849688440087,3.143203997751698,4222.2871640115045,6094.051948051948
1783336176,50,,Aggregated,23.600000,0.000000,8,16,36,44,79,130,3300,4000,4200,4200,4200,1638,0,8,131.88881269478514,3.143203997751698,4222.2871640115045,6083.917582417583
1783336177,50,,Aggregated,23.700000,0.000000,8,16,35,44,78,130,3300,4000,4200,4200,4200,1660,0,8,130.30003066260946,3.143203997751698,4222.2871640115045,6084.689759036145
1783336178,50,,Aggregated,23.500000,0.000000,8,15,35,43,78,120,3300,4000,4200,4200,4200,1682,0,8,128.83277605224055,3.143203997751698,4222.2871640115045,6066.441736028538
1783336179,50,,Aggregated,23.200000,0.000000,8,15,35,43,78,120,3300,4000,4200,4200,4200,1699,0,8,127.72745207699853,3.143203997751698,4222.2871640115045,6094.723366686286
1783336180,50,,Aggregated,23.000000,0.000000,8,15,34,43,77,120,3300,4000,4200,4200,4200,1728,0,8,125.84609676265178,3.143203997751698,4222.2871640115045,6056.587962962963
1783336181,50,,Aggregated,22.300000,0.000000,8,15,34,43,77,120,3300,4000,4200,4200,4200,1749,0,8,124.5577529827664,3.143203997751698,4222.2871640115045,6048.759291023442
1783336182,50,,Aggregated,22.400000,0.000000,8,15,34,43,76,120,3200,4000,4200,4200,4200,1777,0,8,122.77292435051369,3.143203997751698,4222.2871640115045,6056.751266178953
1783336183,50,,Aggregated,22.500000,0.000000,8,15,34,42,76,120,3200,4000,4200,4200,4200,1794,0,8,121.70328296147795,3.143203997751698,4222.2871640115045,6050.688405797101
1783336184,50,,Aggregated,23.100000,0.000000,8,15,33,42,74,120,3200,4000,4200,4200,4200,1820,0,8,120.13531165767735,3.143203997751698,4222.2871640115045,6060.652747252747
1783336185,50,,Aggregated,22.700000,0.000000,8,15,33,42,74,120,3200,4000,4200,4200,4200,1840,0,8,118.9826288173208,3.143203997751698,4222.2871640115045,6037.640760869565
1783336186,50,,Aggregated,22.700000,0.000000,8,15,33,42,72,120,3200,4000,4200,4200,4200,1862,0,8,117.7063494279321,3.143203997751698,4222.2871640115045,6037.425349087003
1783336187,50,,Aggregated,22.200000,0.000000,8,15,33,42,72,120,3200,4000,4200,4200,4200,1889,0,8,116.30820929475044,3.143203997751698,4222.2871640115045,6038.269454737957
1783336188,50,,Aggregated,22.100000,0.000000,8,15,32,42,72,120,3200,4000,4200,4200,4200,1912,0,8,115.07110546954513,3.143203997751698,4222.2871640115045,6042.126569037657
1783336189,50,,Aggregated,22.600000,0.000000,8,15,32,42,72,120,3200,4000,4200,4200,4200,1931,0,8,114.05252501127252,3.143203997751698,4222.2871640115045,6020.850854479544
1783336190,50,,Aggregated,22.900000,0.000000,8,15,32,42,71,120,3100,4000,4200,4200,4200,1956,0,8,112.80409949884337,3.143203997751698,4222.2871640115045,5984.923312883436
1783336191,50,,Aggregated,23.000000,0.000000,8,15,31,42,69,120,3100,4000,4200,4200,4200,1981,0,8,111.51939746278788,3.143203997751698,4222.2871640115045,6011.103987884907
1783336192,50,,Aggregated,23.100000,0.000000,8,15,31,41,69,120,3100,4000,4200,4200,4200,1999,0,8,110.61818229358107,3.143203997751698,4222.2871640115045,6002.461730865432
1783336193,50,,Aggregated,23.300000,0.000000,8,15,31,41,69,110,2700,3900,4200,4200,4200,2026,0,8,109.38465988539241,3.143203997751698,4222.2871640115045,6024.097729516288
1783336194,50,,Aggregated,22.200000,0.000000,8,14,31,41,68,110,2700,3900,4200,4200,4200,2050,0,8,108.21938957942355,3.143203997751698,4222.2871640115045,6005.945365853659
1783336195,50,,Aggregated,23.000000,0.000000,8,14,30,41,67,110,2700,3900,4200,4200,4200,2062,0,8,107.66208671377434,3.143203997751698,4222.2871640115045,6012.329776915616
1783336196,50,,Aggregated,23.000000,0.000000,8,14,29,40,66,110,2700,3900,4200,4200,4200,2091,0,8,106.32206087365559,3.143203997751698,4222.2871640115045,6011.255858440937
1783336197,50,,Aggregated,22.200000,0.000000,8,14,29,40,66,110,2700,3900,4200,4200,4200,2114,0,8,105.30685043985774,3.143203997751698,4222.2871640115045,5992.165562913908
1783336198,50,,Aggregated,22.800000,0.000000,8,14,28,40,66,110,2700,3900,4200,4200,4200,2137,0,8,104.29696712860158,3.143203997751698,4222.2871640115045,6003.625643425363
1783336199,50,,Aggregated,22.700000,0.000000,8,14,28,40,65,110,2700,3900,4200,4200,4200,2159,0,8,103.33244882986332,3.108055010670796,4222.2871640115045,5985.849467345994
1783336200,50,,Aggregated,21.900000,0.000000,8,14,28,40,65,110,2700,3900,4200,4200,4200,2184,0,8,102.36534055663233,3.108055010670796,4222.2871640115045,5982.306776556777
1783336201,50,,Aggregated,22.800000,0.000000,8,14,28,40,64,110,2600,3900,4200,4200,4200,2208,0,8,101.39062212712578,3.108055010670796,4222.2871640115045,5989.841032608696
1783336202,50,,Aggregated,22.500000,0.000000,8,14,27,40,64,100,2600,3900,4200,4200,4200,2233,0,8,100.41393494968631,3.108055010670796,4222.2871640115045,5975.480967308554
1783336203,50,,Aggregated,22.600000,0.000000,8,14,27,40,64,100,2400,3900,4200,4200,4200,2252,0,8,99.65597078798949,3.108055010670796,4222.2871640115045,5951.101243339254
1783336204,50,,Aggregated,23.000000,0.000000,8,14,26,40,64,100,2400,3900,4200,4200,4200,2273,0,8,98.89146022728211,3.108055010670796,4222.2871640115045,5968.386713594368
1783336205,50,,Aggregated,22.500000,0.000000,8,14,26,39,63,100,2400,3900,4200,4200,4200,2293,0,8,98.12519957854029,3.108055010670796,4222.2871640115045,5987.1369385085045
1783336206,50,,Aggregated,22.100000,0.000000,8,14,26,39,63,100,2300,3900,4200,4200,4200,2315,0,8,97.3522266460287,3.108055010670796,4222.2871640115045,5970.459179265658
1783336207,50,,Aggregated,23.000000,0.000000,8,14,26,39,62,100,2300,3900,4200,4200,4200,2338,0,8,96.53554421799407,3.108055010670796,4222.2871640115045,5975.706586826347
1783336208,50,,Aggregated,22.800000,0.000000,8,14,25,39,62,100,2300,3900,4200,4200,4200,2363,0,8,95.661104822548,3.108055010670796,4222.2871640115045,5980.920440118493
1783336209,50,,Aggregated,22.200000,0.000000,8,14,24,39,61,100,2300,3900,4200,4200,4200,2383,0,8,94.96007960375843,3.108055010670796,4222.2871640115045,6002.864876206462
1783336210,50,,Aggregated,22.600000,0.000000,8,14,24,38,60,98,2300,3900,4200,4200,4200,2407,0,8,94.10860398369064,3.108055010670796,4222.2871640115045,6000.818030743664
1783336211,50,,Aggregated,22.500000,0.000000,8,14,23,38,60,98,2300,3900,4200,4200,4200,2427,0,8,93.42031211114843,3.108055010670796,4222.2871640115045,5993.701277297075
1783336212,50,,Aggregated,22.100000,0.000000,8,14,22,38,60,98,2300,3900,4200,4200,4200,2453,0,8,92.60771668885705,3.108055010670796,4222.2871640115045,5979.901752955565
1783336213,50,,Aggregated,21.900000,0.000000,8,14,22,38,60,98,2300,3900,4200,4200,4200,2477,0,8,91.87883904633715,3.108055010670796,4222.2871640115045,5986.0327008478
1783336214,50,,Aggregated,21.900000,0.000000,8,14,21,38,59,98,2300,3900,4200,4200,4200,2497,0,8,91.22321621533179,3.108055010670796,4222.2871640115045,5984.612735282339
1783336215,50,,Aggregated,22.400000,0.000000,8,14,20,37,59,95,220,3900,4200,4200,4200,2523,0,8,90.38469750088606,3.108055010670796,4222.2871640115045,5984.901307966707
1783336216,50,,Aggregated,22.000000,0.000000,8,14,20,37,59,95,220,3900,4200,4200,4200,2544,0,8,89.77855675697836,3.108055010670796,4222.2871640115045,5974.982704402516
1783336217,50,,Aggregated,22.700000,0.000000,8,14,20,37,58,95,210,3900,4200,4200,4200,2561,0,8,89.29795551298157,3.108055010670796,4222.2871640115045,5974.055837563452
1783336218,50,,Aggregated,22.500000,0.000000,8,14,20,37,58,94,210,3900,4200,4200,4200,2591,0,8,88.44647719129411,3.108055010670796,4222.2871640115045,5975.96873793902
1783336219,50,,Aggregated,22.500000,0.000000,8,14,20,37,57,94,210,3800,4200,4200,4200,2618,0,8,87.69577328290725,3.108055010670796,4222.2871640115045,5958.571428571428
1783336220,50,,Aggregated,23.200000,0.000000,8,14,20,37,57,93,210,3800,4200,4200,4200,2639,0,8,87.10407480817314,3.108055010670796,4222.2871640115045,5961.53050397878
1783336221,50,,Aggregated,22.800000,0.000000,7,13,19,36,57,92,200,3800,4200,4200,4200,2666,0,7,86.33530671671693,3.108055010670796,4222.2871640115045,5948.851087771943
1783336222,50,,Aggregated,23.100000,0.000000,7,13,19,36,57,92,200,3800,4200,4200,4200,2683,0,7,85.8943269611397,3.108055010670796,4222.2871640115045,5939.7122623928435
1783336223,50,,Aggregated,23.300000,0.000000,7,13,19,36,57,92,200,3800,4200,4200,4200,2711,0,7,85.13155947721286,3.108055010670796,4222.2871640115045,5943.987089634821
1783336224,50,,Aggregated,23.200000,0.000000,7,13,19,35,56,91,200,3800,4200,4200,4200,2727,0,7,84.67750909305495,3.108055010670796,4222.2871640115045,5953.089475614228
1783336225,50,,Aggregated,23.100000,0.000000,7,13,19,35,56,91,200,3800,4200,4200,4200,2749,0,7,84.07833130907646,3.108055010670796,4222.2871640115045,5940.820298290288
1783336226,50,,Aggregated,23.100000,0.000000,7,13,18,35,56,91,200,3800,4200,4200,4200,2771,0,7,83.51503001177802,3.108055010670796,4222.2871640115045,5942.334175387947
1783336227,50,,Aggregated,22.800000,0.000000,7,13,18,35,56,91,200,3800,4200,4200,4200,2798,0,7,82.90077746590566,3.108055010670796,4222.2871640115045,5952.31308077198
1783336228,50,,Aggregated,22.600000,0.000000,7,13,18,34,56,90,190,3800,4200,4200,4200,2825,0,7,82.21677627702928,3.108055010670796,4222.2871640115045,5944.83575221239
1783336229,50,,Aggregated,23.600000,0.000000,7,13,18,34,56,90,190,3800,4200,4200,4200,2849,0,7,81.63393930382361,3.108055010670796,4222.2871640115045,5959.215514215514
1783336230,50,,Aggregated,23.000000,0.000000,7,13,18,35,56,90,180,3800,4200,4200,4200,2870,0,7,81.20861483017025,3.108055010670796,4222.2871640115045,5952.3634146341465
1783336231,50,,Aggregated,23.000000,0.000000,7,13,18,34,56,90,180,3800,4200,4200,4200,2894,0,7,80.60709316640555,3.108055010670796,4222.2871640115045,5956.908431237042
1783336232,50,,Aggregated,23.100000,0.000000,7,13,18,34,56,89,160,3800,4200,4200,4200,2919,0,7,80.07774671962851,3.108055010670796,4222.2871640115045,5955.54470709147
1783336233,50,,Aggregated,23.100000,0.000000,7,13,18,34,56,88,160,3800,4200,4200,4200,2941,0,7,79.60916856939801,3.108055010670796,4222.2871640115045,5938.848690921455
1783336234,50,,Aggregated,23.200000,0.000000,7,13,18,34,55,87,160,3800,4200,4200,4200,2961,0,7,79.14604499714518,3.108055010670796,4222.2871640115045,5932.86524822695
1783336235,50,,Aggregated,23.200000,0.000000,7,13,17,34,55,87,160,3800,4200,4200,4200,2986,0,7,78.58169629422447,3.108055010670796,4222.2871640115045,5940.6316141995985
1783336236,50,,Aggregated,23.600000,0.000000,7,13,17,34,56,87,160,3800,4100,4200,4200,3010,0,7,78.13546977626072,3.108055010670796,4222.2871640115045,5945.292026578073
1783336237,50,,Aggregated,23.700000,0.000000,7,13,17,34,55,87,160,3800,4100,4200,4200,3032,0,7,77.65817204932621,3.108055010670796,4222.2871640115045,5963.708773087072
1783336238,50,,Aggregated,23.500000,0.000000,7,13,17,34,55,87,150,3800,4100,4200,4200,3057,0,7,77.14473726680478,3.108055010670796,4222.2871640115045,5955.023552502454
1783336239,50,,Aggregated,22.900000,0.000000,7,13,17,34,55,86,150,3800,4100,4200,4200,3085,0,7,76.58741982516756,3.108055010670796,4222.2871640115045,5932.331604538088
1783336240,50,,Aggregated,23.200000,0.000000,7,13,17,34,55,86,150,3800,4100,4200,4200,3100,0,7,76.28384176694277,3.108055010670796,4222.2871640115045,5931.754193548387
1783336241,50,,Aggregated,23.800000,0.000000,7,13,17,33,55,86,150,3800,4100,4200,4200,3125,0,7,75.75439761648886,3.108055010670796,4222.2871640115045,5940.02272
1783336242,50,,Aggregated,23.100000,0.000000,7,13,17,33,55,86,150,3800,4100,4200,4200,3150,0,7,75.28503437316792,3.108055010670796,4222.2871640115045,5935.1923809523805
1783336243,50,,Aggregated,23.000000,0.000000,7,13,17,33,55,86,150,3800,4100,4200,4200,3174,0,7,74.83935702347347,3.108055010670796,4222.2871640115045,5942.278827977316
1783336244,50,,Aggregated,23.100000,0.000000,7,13,17,33,55,86,150,3800,4100,4200,4200,3197,0,7,74.42284291883773,3.108055010670796,4222.2871640115045,5955.882076947138
1783336245,50,,Aggregated,23.200000,0.000000,7,13,17,33,54,85,150,3300,4100,4200,4200,3222,0,7,73.95113993002052,3.108055010670796,4222.2871640115045,5965.77374301676
1783336246,50,,Aggregated,23.200000,0.000000,7,13,17,33,54,84,150,3300,4100,4200,4200,3241,0,7,73.58141933769942,3.108055010670796,4222.2871640115045,5975.33076211046
1783336247,50,,Aggregated,22.700000,0.000000,7,13,17,33,54,84,150,3300,4100,4200,4200,3264,0,7,73.16081640887847,3.108055010670796,4222.2871640115045,5989.7162990196075
1783336248,50,,Aggregated,23.700000,0.000000,7,13,17,33,54,84,150,3300,4100,4200,4200,3292,0,7,72.66153973437748,3.108055010670796,4222.2871640115045,5987.014580801944
1783336249,50,,Aggregated,23.400000,0.000000,7,13,17,32,54,84,140,3300,4100,4200,4200,3314,0,7,72.27282411543982,3.108055010670796,4222.2871640115045,5988.224803862402
1783336250,50,,Aggregated,23.400000,0.000000,7,13,17,33,54,83,140,3300,4100,4200,4200,3339,0,7,71.87141332484995,3.108055010670796,4222.2871640115045,5988.811620245582
1783336251,50,,Aggregated,22.600000,0.000000,7,13,16,32,53,82,140,3300,4100,4200,4200,3358,0,7,71.50447283729298,3.108055010670796,4222.2871640115045,5993.04794520548
1783336252,50,,Aggregated,23.800000,0.000000,7,13,16,32,53,82,140,3300,4100,4200,4200,3384,0,7,71.11533346826259,3.108055010670796,4222.2871640115045,5995.043735224586
1783336253,50,,Aggregated,23.400000,0.000000,7,13,16,32,53,82,140,3300,4100,4200,4200,3405,0,7,70.73834514201458,3.108055010670796,4222.2871640115045,6003.935682819383
1783336254,50,,Aggregated,23.400000,0.000000,7,13,16,32,53,82,140,3300,4100,4200,4200,3431,0,7,70.33867985708436,3.108055010670796,4222.2871640115045,5996.950451763334
1783336255,50,,Aggregated,23.200000,0.000000,7,13,16,32,53,81,140,3300,4100,4200,4200,3448,0,7,70.05282857066632,3.108055010670796,4222.2871640115045,6003.537993039443
1783336256,50,,Aggregated,23.400000,0.000000,7,13,16,32,53,81,140,3300,4100,4200,4200,3477,0,7,69.59752009453724,3.108055010670796,4222.2871640115045,6023.475985044579
1783336257,50,,Aggregated,23.100000,0.000000,7,13,16,32,53,81,140,3300,4100,4200,4200,3496,0,7,69.24757391326723,3.0473560036625713,4222.2871640115045,6014.013443935927
1783336258,50,,Aggregated,23.200000,0.000000,7,13,16,32,53,80,140,3200,4100,4200,4200,3519,0,7,68.85878393457072,3.0473560036625713,4222.2871640115045,6024.9522591645355
1783336259,50,,Aggregated,23.000000,0.000000,7,13,16,32,53,81,140,3200,4100,4200,4200,3544,0,7,68.60986072003448,3.0473560036625713,4222.2871640115045,6027.583803611738
1783336260,50,,Aggregated,23.000000,0.000000,7,13,16,31,53,80,140,3200,4100,4200,4200,3569,0,7,68.19244994335267,3.0473560036625713,4222.2871640115045,6032.052395629028
1783336261,50,,Aggregated,22.900000,0.000000,7,13,16,31,52,80,140,3200,4100,4200,4200,3594,0,7,67.79371201053489,3.0473560036625713,4222.2871640115045,6036.415692821369
1783336262,50,,Aggregated,23.200000,0.000000,7,13,16,31,52,80,140,3200,4100,4200,4200,3618,0,7,67.45580025176537,3.0473560036625713,4222.2871640115045,6028.108347153123
1783336263,50,,Aggregated,23.000000,0.000000,7,13,16,31,52,80,140,3200,4100,4200,4200,3641,0,7,67.10571537898475,3.0473560036625713,4222.2871640115045,6026.8385059049715
1783336264,50,,Aggregated,23.100000,0.000000,7,13,16,31,52,80,140,3200,4100,4200,4200,3660,0,7,66.82801581445263,3.0473560036625713,4222.2871640115045,6037.857923497268
1783336265,50,,Aggregated,23.600000,0.000000,7,13,16,31,52,79,140,3200,4100,4200,4200,3683,0,7,66.49110427747023,3.0473560036625713,4222.2871640115045,6049.154222101548
1783336266,50,,Aggregated,23.100000,0.000000,7,13,16,31,52,79,140,3200,4100,4200,4200,3702,0,7,66.2304727366078,3.0473560036625713,4222.2871640115045,6049.77282549973
1783336267,50,,Aggregated,23.400000,0.000000,7,13,16,30,52,79,140,3200,4100,4200,4200,3725,0,7,65.88325123164347,3.0473560036625713,4222.2871640115045,6055.285100671141
1783336268,50,,Aggregated,22.700000,0.000000,7,13,16,30,51,79,140,3200,4100,4200,4200,3749,0,7,65.52758181858167,3.0473560036625713,4222.2871640115045,6049.243531608429
1783336269,50,,Aggregated,23.300000,0.000000,7,13,16,29,51,78,130,3200,4100,4200,4200,3776,0,7,65.14523084768186,3.0473560036625713,4222.2871640115045,6052.583156779661
1783336270,50,,Aggregated,22.800000,0.000000,7,13,16,29,51,78,130,3200,4100,4200,4200,3791,0,7,64.94970264568774,3.0473560036625713,4222.2871640115045,6042.322606172514
1783336271,50,,Aggregated,22.800000,0.000000,7,13,16,29,51,78,130,3200,4100,4200,4200,3820,0,7,64.54237063922913,3.0473560036625713,4222.2871640115045,6038.5651832460735
1783336272,50,,Aggregated,22.100000,0.000000,7,13,16,29,51,78,130,3200,4100,4200,4200,3841,0,7,64.27971637539616,3.0473560036625713,4222.2871640115045,6027.652434261911
1783336273,50,,Aggregated,22.600000,0.000000,7,13,16,29,51,78,130,3200,4100,4200,4200,3867,0,7,63.95092622676913,3.0473560036625713,4222.2871640115045,6053.154641841221
1783336274,50,,Aggregated,22.400000,0.000000,7,13,16,29,51,78,130,3200,4100,4200,4200,3888,0,7,63.67441303830865,3.0473560036625713,4222.2871640115045,6066.249228395061
1783336275,50,,Aggregated,22.000000,0.000000,7,13,16,28,51,78,130,3100,4100,4200,4200,3912,0,7,63.33640062065159,3.0473560036625713,4222.2871640115045,6059.838190184049
1783336276,50,,Aggregated,22.200000,0.000000,7,13,15,28,51,77,130,3100,4100,4200,4200,3937,0,7,62.99690840588742,3.0473560036625713,4222.2871640115045,6066.97840995682
1783336277,50,,Aggregated,22.500000,0.000000,7,13,15,28,51,77,130,3100,4100,4200,4200,3958,0,7,62.73930941663031,3.0473560036625713,4222.2871640115045,6091.9537645275395
1783336278,50,,Aggregated,22.900000,0.000000,7,13,15,28,51,77,130,3100,4100,4200,4200,3979,0,7,62.51096675846188,3.0473560036625713,4222.2871640115045,6081.745916059312
1783336279,50,,Aggregated,23.000000,0.000000,7,13,15,27,51,77,130,2700,4100,4200,4200,4002,0,7,62.25277261842927,3.0473560036625713,4222.2871640115045,6081.524487756122
1783336280,50,,Aggregated,23.000000,0.000000,7,13,15,27,51,77,130,2700,4100,4200,4200,4025,0,7,61.99773740845512,3.0473560036625713,4222.2871640115045,6085.377888198757
1783336281,50,,Aggregated,23.300000,0.000000,7,13,15,27,51,77,130,2700,4100,4200,4200,4043,0,7,61.79532019244143,3.0473560036625713,4222.2871640115045,6086.309918377442
1783336282,50,,Aggregated,23.100000,0.000000,7,13,15,27,51,77,130,2700,4100,4200,4200,4068,0,7,61.47348207251671,3.0473560036625713,4222.2871640115045,6079.17133726647
1783336283,50,,Aggregated,22.200000,0.000000,7,13,15,27,51,77,130,2700,4100,4200,4200,4095,0,7,61.16293371231887,3.0473560036625713,4222.2871640115045,6079.279609279609
1783336284,50,,Aggregated,22.300000,0.000000,7,13,15,26,51,77,130,2700,4100,4200,4200,4118,0,7,60.905321040304685,3.0473560036625713,4222.2871640115045,6099.2906750849925
1783336285,50,,Aggregated,22.700000,0.000000,7,13,15,26,50,77,130,2700,4100,4200,4200,4133,0,7,60.72485794458398,3.0473560036625713,4222.2871640115045,6100.594483426083
1783336286,50,,Aggregated,23.300000,0.000000,7,13,15,26,50,77,130,2700,4100,4200,4200,4157,0,7,60.474797594904295,3.0473560036625713,4222.2871640115045,6093.640365648304
1783336287,50,,Aggregated,22.400000,0.000000,7,13,15,26,50,77,130,2700,4100,4200,4200,4189,0,7,60.164610622103325,3.0473560036625713,4222.2871640115045,6095.96538553354
1783336288,50,,Aggregated,22.200000,0.000000,7,13,15,26,50,77,130,2700,4100,4200,4200,4204,0,7,59.98030486202632,3.0473560036625713,4222.2871640115045,6110.826117982873
1783336289,50,,Aggregated,22.000000,0.000000,7,13,15,25,50,77,130,2700,4100,4200,4200,4231,0,7,59.67169765871284,3.0473560036625713,4222.2871640115045,6111.826045852044
1783336290,50,,Aggregated,22.800000,0.000000,7,13,15,25,50,77,130,2700,4100,4200,4200,4254,0,7,59.417421941695636,3.0473560036625713,4222.2871640115045,6113.107663375647
1783336291,50,,Aggregated,22.600000,0.000000,7,13,15,25,50,76,130,2700,4100,4200,4200,4286,0,7,59.06471146009853,3.0473560036625713,4222.2871640115045,6126.084927671489
1783336292,50,,Aggregated,22.600000,0.000000,7,12,15,24,50,76,120,2700,4100,4200,4200,4302,0,7,58.86573643444968,3.0473560036625713,4222.2871640115045,6119.844258484426
1783336293,50,,Aggregated,23.600000,0.000000,7,12,15,24,50,76,120,2700,4100,4200,4200,4325,0,7,58.59558373573909,3.0473560036625713,4222.2871640115045,6119.302427745664
1783336294,50,,Aggregated,23.800000,0.000000,7,12,15,24,49,76,120,2700,4100,4200,4200,4347,0,7,58.37375081599088,3.0473560036625713,4222.2871640115045,6126.0499194847025
1783336295,50,,Aggregated,23.100000,0.000000,7,12,15,23,49,76,120,2700,4100,4200,4200,4379,0,7,58.03137330876464,3.0473560036625713,4222.2871640115045,6133.204841287965
1783336296,50,,Aggregated,22.800000,0.000000,7,12,15,23,49,76,120,2700,4100,4200,4200,4399,0,7,57.82139745490397,3.0473560036625713,4222.2871640115045,6126.864514662423
1783336297,50,,Aggregated,23.800000,0.000000,7,12,15,23,49,76,120,2600,4100,4200,4200,4421,0,7,57.63186756550956,3.0473560036625713,4222.2871640115045,6116.899570232979
1783336298,50,,Aggregated,24.000000,0.000000,7,12,15,23,49,76,120,2600,4100,4200,4200,4451,0,7,57.3705072116688,3.0473560036625713,4222.2871640115045,6113.439002471355
1783336299,50,,Aggregated,24.000000,0.000000,7,12,15,22,49,76,120,2600,4100,4200,4200,4472,0,7,57.15878900741578,3.0473560036625713,4222.2871640115045,6121.312611806798
1783336300,50,,Aggregated,23.900000,0.000000,7,12,15,22,49,75,120,2600,4100,4200,4200,4497,0,7,56.92910314281818,3.0473560036625713,4222.2871640115045,6121.050478096508
1783336301,50,,Aggregated,24.200000,0.000000,7,12,15,22,49,74,120,2400,4100,4200,4200,4521,0,7,56.696946129443965,3.0473560036625713,4222.2871640115045,6121.10904667109
1783336302,50,,Aggregated,23.800000,0.000000,7,12,15,22,49,74,120,2400,4100,4200,4200,4540,0,7,56.49873813398727,3.0473560036625713,4222.2871640115045,6120.129735682819
1783336303,50,,Aggregated,24.200000,0.000000,7,12,15,22,49,74,120,2400,4100,4200,4200,4565,0,7,56.25903961189532,3.0473560036625713,4222.2871640115045,6108.904490690033
1783336304,50,,Aggregated,23.600000,0.000000,7,12,15,22,49,74,120,2400,4100,4200,4200,4589,0,7,56.03948338185071,3.0473560036625713,4222.2871640115045,6095.961647417738
1783336305,50,,Aggregated,24.100000,0.000000,7,12,15,22,48,74,120,2300,4100,4200,4200,4615,0,7,55.784368911444766,3.0473560036625713,4222.2871640115045,6100.762296858072
1783336306,50,,Aggregated,24.000000,0.000000,7,12,15,22,48,74,120,2300,4100,4200,4200,4633,0,7,55.63245928110469,3.0473560036625713,4222.2871640115045,6111.1264839197065
1783336307,50,,Aggregated,23.900000,0.000000,7,12,15,21,48,72,120,2300,4100,4200,4200,4663,0,7,55.36032184996306,3.0473560036625713,4222.2871640115045,6111.811494745872
1783336308,50,,Aggregated,23.600000,0.000000,7,12,15,21,48,72,120,2300,4100,4200,4200,4681,0,7,55.197684996453944,3.0473560036625713,4222.2871640115045,6117.694723349711
1783336309,50,,Aggregated,23.400000,0.000000,7,12,15,21,48,72,120,2300,4100,4200,4200,4708,0,7,54.96192175920494,3.0473560036625713,4222.2871640115045,6116.39209855565
1783336310,50,,Aggregated,23.300000,0.000000,7,12,15,21,48,72,120,2300,4100,4200,4200,4734,0,7,54.73554062682117,3.0473560036625713,4222.2871640115045,6104.462399662019
1783336311,50,,Aggregated,23.500000,0.000000,7,12,15,21,48,72,120,2300,4100,4200,4200,4756,0,7,54.53481872315663,3.0473560036625713,4222.2871640115045,6090.650336417158
1783336312,50,,Aggregated,24.200000,0.000000,7,12,15,21,48,72,120,2300,4100,4200,4200,4778,0,7,54.35949065222193,3.0473560036625713,4222.2871640115045,6080.76915027208
1783336313,50,,Aggregated,23.500000,0.000000,7,12,15,21,48,72,120,2300,4100,4200,4200,4800,0,7,54.16583547360157,3.0473560036625713,4222.2871640115045,6083.846666666666
1783336314,50,,Aggregated,23.900000,0.000000,7,12,15,21,48,72,120,2300,4100,4200,4200,4829,0,7,53.93978206197658,3.0473560036625713,4222.2871640115045,6076.9803271898945
1783336315,50,,Aggregated,23.600000,0.000000,7,12,15,21,48,72,120,2300,4100,4200,4200,4847,0,7,53.78464614530997,3.0473560036625713,4222.2871640115045,6071.881782545905
1783336316,50,,Aggregated,23.300000,0.000000,7,12,15,20,48,72,120,2300,4100,4200,4200,4873,0,7,53.55387166638632,3.0473560036625713,4222.2871640115045,6073.3412682126
1783336317,50,,Aggregated,23.900000,0.000000,7,12,15,20,48,72,120,2300,4100,4200,4200,4893,0,7,53.41972310614744,3.0473560036625713,4222.2871640115045,6075.173921929287
1783336318,50,,Aggregated,23.200000,0.000000,7,12,15,20,48,72,120,2300,4100,4200,4200,4917,0,7,53.20909885974416,3.0473560036625713,4222.2871640115045,6083.810860280659
1783336319,50,,Aggregated,23.600000,0.000000,7,12,15,20,48,72,120,2300,4100,4200,4200,4940,0,7,53.06846848650725,3.0473560036625713,4222.2871640115045,6075.679352226721
1783336320,50,,Aggregated,23.500000,0.000000,7,12,15,20,48,72,120,2300,4100,4200,4200,4961,0,7,52.892750259715974,3.0473560036625713,4222.2871640115045,6086.25801249748
1783336321,50,,Aggregated,22.900000,0.000000,7,12,15,20,48,72,120,2300,4100,4200,4200,4982,0,7,52.74020115566275,3.0473560036625713,4222.2871640115045,6091.001806503412
1783336322,50,,Aggregated,22.900000,0.000000,7,12,15,20,48,72,120,220,4100,4200,4200,5009,0,7,52.548894208536964,3.0473560036625713,4222.2871640115045,6080.906168895987
1783336323,50,,Aggregated,23.400000,0.000000,7,12,15,20,48,71,120,220,4100,4200,4200,5032,0,7,52.36499382364843,3.0473560036625713,4222.2871640115045,6070.220985691574
1783336324,50,,Aggregated,22.300000,0.000000,7,12,15,20,48,72,120,220,4100,4200,4200,5052,0,7,52.22546857988546,3.0473560036625713,4222.2871640115045,6072.932501979414
1783336325,50,,Aggregated,22.400000,0.000000,7,12,15,20,48,72,120,220,4100,4200,4200,5077,0,7,52.05214623095747,3.0473560036625713,4222.2871640115045,6075.5406736261575
1783336326,50,,Aggregated,23.200000,0.000000,7,12,15,20,48,71,120,210,4100,4200,4200,5107,0,7,51.83377950452382,3.0473560036625713,4222.2871640115045,6056.236342275309
1783336327,50,,Aggregated,22.400000,0.000000,7,12,15,20,48,71,120,210,4100,4200,4200,5127,0,7,51.67211425816264,3.0473560036625713,4222.2871640115045,6057.8786814901505
1783336328,50,,Aggregated,23.100000,0.000000,7,12,15,20,48,71,120,210,4100,4200,4200,5151,0,7,51.47987481781409,3.0473560036625713,4222.2871640115045,6062.398951659872
1783336329,50,,Aggregated,23.200000,0.000000,7,12,15,20,48,71,120,210,4100,4200,4200,5176,0,7,51.31314942940988,3.0473560036625713,4222.2871640115045,6068.055061823802
1783336330,50,,Aggregated,22.700000,0.000000,7,12,15,20,48,71,120,210,4100,4200,4200,5198,0,7,51.1447402540555,3.0473560036625713,4222.2871640115045,6064.085994613313
1783336331,50,,Aggregated,23.200000,0.000000,7,12,15,20,48,70,120,210,4100,4200,4200,5227,0,7,50.95328548584156,3.0473560036625713,4222.2871640115045,6059.793189209872
1783336332,50,,Aggregated,23.300000,0.000000,7,12,15,20,48,70,120,210,4100,4200,4200,5246,0,7,50.806643237232045,3.0473560036625713,4222.2871640115045,6051.427182615326
1783336333,50,,Aggregated,22.700000,0.000000,7,12,15,20,48,70,110,210,4100,4200,4200,5266,0,7,50.666161536012844,3.0473560036625713,4222.2871640115045,6047.773072540828
1783336334,50,,Aggregated,24.400000,0.000000,7,12,15,20,48,70,110,210,4100,4200,4200,5290,0,7,50.48796922864792,3.0473560036625713,4222.2871640115045,6049.4270321361055
1783336335,50,,Aggregated,24.100000,0.000000,7,12,15,20,48,69,110,200,4100,4200,4200,5314,0,7,50.319700495955175,3.0473560036625713,4222.2871640115045,6055.176703048551
1783336336,50,,Aggregated,23.600000,0.000000,7,12,15,20,48,70,110,200,4100,4200,4200,5336,0,7,50.20579119630655,3.0473560036625713,4222.2871640115045,6051.289355322338
1783336337,50,,Aggregated,23.500000,0.000000,7,12,15,20,48,70,110,200,4100,4200,4200,5368,0,7,49.998207575159995,3.0473560036625713,4222.2871640115045,6055.241616989568
1783336338,50,,Aggregated,23.600000,0.000000,7,12,15,20,48,69,110,200,4100,4200,4200,5385,0,7,49.87849610297856,3.0473560036625713,4222.2871640115045,6046.0547818013
1783336339,50,,Aggregated,23.000000,0.000000,7,12,15,19,48,69,110,200,4100,4200,4200,5411,0,7,49.700047337013814,3.0473560036625713,4222.2871640115045,6043.849196082055
1783336340,50,,Aggregated,24.000000,0.000000,7,12,15,19,48,69,110,200,4100,4200,4200,5434,0,7,49.5431902327248,3.0473560036625713,4222.2871640115045,6045.811372837688
1783336341,50,,Aggregated,23.300000,0.000000,7,12,15,19,48,69,110,200,4100,4200,4200,5458,0,7,49.39597955067918,3.0473560036625713,4222.2871640115045,6046.748442652986
1783336342,50,,Aggregated,23.300000,0.000000,7,12,15,19,48,69,110,200,4100,4200,4200,5482,0,7,49.22813184541868,3.0473560036625713,4222.2871640115045,6049.605800802627
1783336343,50,,Aggregated,23.500000,0.000000,7,12,15,19,47,69,110,200,4100,4200,4200,5505,0,7,49.06647474469903,3.0473560036625713,4222.2871640115045,6046.396185286104
1783336344,50,,Aggregated,23.100000,0.000000,7,12,15,19,47,68,110,200,4100,4200,4200,5528,0,7,48.89408540494368,3.0473560036625713,4222.2871640115045,6042.889109985528
1783336345,50,,Aggregated,23.500000,0.000000,7,12,15,19,47,68,110,200,4100,4200,4200,5555,0,7,48.75673659918197,3.0473560036625713,4222.2871640115045,6045.965976597659
1783336346,50,,Aggregated,23.400000,0.000000,7,12,15,19,48,69,110,200,4100,4200,4200,5572,0,7,48.68803621490058,3.0473560036625713,4222.2871640115045,6041.32968413496
1783336347,50,,Aggregated,23.900000,0.000000,7,12,15,19,47,69,110,200,4100,4200,4200,5594,0,7,48.53475472674678,3.0473560036625713,4222.2871640115045,6039.28995352163
1783336348,50,,Aggregated,23.700000,0.000000,7,12,15,19,47,68,110,200,4100,4200,4200,5617,0,7,48.378279959129564,3.0473560036625713,4222.2871640115045,6052.78921132277
1783336349,50,,Aggregated,23.600000,0.000000,7,12,15,19,47,68,110,200,4100,4200,4200,5640,0,7,48.22755355079549,3.0473560036625713,4222.2871640115045,6056.265602836879
1783336350,50,,Aggregated,22.400000,0.000000,7,12,15,19,47,68,110,200,4100,4200,4200,5665,0,7,48.061613656748136,3.0473560036625713,4222.2871640115045,6065.753398058252
1783336351,50,,Aggregated,23.100000,0.000000,7,12,15,19,47,68,110,200,4100,4200,4200,5689,0,7,47.908637959475385,3.0473560036625713,4222.2871640115045,6064.2875725083495
1783336352,50,,Aggregated,22.700000,0.000000,7,12,15,19,47,68,110,190,4100,4200,4200,5712,0,7,47.76986712330596,3.0473560036625713,4222.2871640115045,6064.482317927171
1783336353,50,,Aggregated,23.200000,0.000000,7,12,15,19,47,68,110,190,4100,4200,4200,5735,0,7,47.64038190817961,3.0473560036625713,4222.2871640115045,6058.175414123802
1783336354,50,,Aggregated,23.100000,0.000000,7,12,15,19,47,68,110,190,4100,4200,4200,5757,0,7,47.51764286283961,3.0473560036625713,4222.2871640115045,6055.675525447282
1783336355,50,,Aggregated,23.200000,0.000000,7,12,15,19,47,68,110,190,4100,4200,4200,5781,0,7,47.38209139948335,3.0473560036625713,4222.2871640115045,6054.9998270195465
1783336356,50,,Aggregated,23.100000,0.000000,7,12,15,19,47,67,110,180,4100,4200,4200,5808,0,7,47.22181675129361,3.0473560036625713,4222.2871640115045,6051.981232782369
1783336357,50,,Aggregated,22.400000,0.000000,7,12,15,19,47,67,110,180,4100,4200,4200,5827,0,7,47.13042026301315,3.0473560036625713,4222.2871640115045,6044.6354899605285
1783336358,50,,Aggregated,22.800000,0.000000,7,12,15,19,47,67,110,180,4100,4200,4200,5850,0,7,46.988268462830604,3.0473560036625713,4222.2871640115045,6037.508034188034
1783336359,50,,Aggregated,23.500000,0.000000,7,12,15,19,47,67,110,180,4100,4200,4200,5871,0,7,46.871200424561195,3.0473560036625713,4222.2871640115045,6038.752512348833
1783336360,50,,Aggregated,23.100000,0.000000,7,12,15,19,47,67,110,180,4100,4200,4200,5893,0,7,46.76482407492724,3.0473560036625713,4222.2871640115045,6040.246224333956
1783336361,50,,Aggregated,23.500000,0.000000,7,12,15,19,47,67,110,160,4100,4200,4200,5919,0,7,46.609214151311846,3.0473560036625713,4222.2871640115045,6032.387903362054
1783336362,50,,Aggregated,23.200000,0.000000,7,12,15,19,47,67,110,160,4100,4200,4200,5939,0,7,46.474509866081426,3.0473560036625713,4222.2871640115045,6032.120390638154
1783336363,50,,Aggregated,22.700000,0.000000,7,12,15,19,47,67,110,160,4100,4200,4200,5960,0,7,46.36328330245134,3.0473560036625713,4222.2871640115045,6033.609060402685
1783336364,50,,Aggregated,22.600000,0.000000,7,12,15,19,47,67,110,160,4100,4200,4200,5987,0,7,46.22473191708766,3.0473560036625713,4222.2871640115045,6027.698680474361
1783336365,50,,Aggregated,22.100000,0.000000,7,12,15,19,47,67,100,160,4100,4200,4200,6006,0,7,46.124791166087995,3.0473560036625713,4222.2871640115045,6028.2139527139525
1783336366,50,,Aggregated,21.900000,0.000000,7,12,15,18,47,67,100,160,4100,4200,4200,6027,0,7,46.01033418160411,3.0473560036625713,4222.2871640115045,6030.48680935789
1783336367,50,,Aggregated,23.200000,0.000000,7,12,15,18,47,67,100,160,4100,4200,4200,6048,0,7,45.87956242552315,3.0473560036625713,4222.2871640115045,6019.939814814815
1783336368,50,,Aggregated,22.100000,0.000000,7,12,15,18,47,67,100,160,4100,4200,4200,6073,0,7,45.75796452998148,3.0473560036625713,4222.2871640115045,6020.624567758933
1783336369,50,,Aggregated,21.700000,0.000000,7,12,15,18,47,67,100,160,4100,4200,4200,6096,0,7,45.62442903405104,3.0473560036625713,4222.2871640115045,6015.8218503937005
1783336370,50,,Aggregated,22.200000,0.000000,7,12,15,18,47,67,100,160,4100,4200,4200,6119,0,7,45.52859384059904,3.0473560036625713,4222.2871640115045,6007.517895080896
1783336371,50,,Aggregated,21.900000,0.000000,7,12,15,18,47,67,100,160,4100,4200,4200,6147,0,7,45.39379110536034,3.0473560036625713,4222.2871640115045,6003.5830486416135
1783336372,50,,Aggregated,22.200000,0.000000,7,12,15,18,47,66,100,160,4100,4200,4200,6172,0,7,45.24430443286674,3.0473560036625713,4222.2871640115045,5990.752430330525
1783336373,50,,Aggregated,22.600000,0.000000,7,12,15,18,47,66,100,160,4100,4200,4200,6189,0,7,45.1456533814218,3.0473560036625713,4222.2871640115045,5989.3116820164805
1783336374,50,,Aggregated,22.900000,0.000000,7,12,15,18,47,66,100,150,4100,4200,4200,6216,0,7,45.007182103234506,3.0473560036625713,4222.2871640115045,5991.908783783784
1783336375,50,,Aggregated,23.400000,0.000000,7,12,15,18,47,66,100,150,4100,4200,4200,6235,0,7,44.904127045823586,3.0473560036625713,4222.2871640115045,5993.044907778669
1783336376,50,,Aggregated,23.000000,0.000000,7,12,15,18,47,66,100,150,4100,4200,4200,6263,0,7,44.75488975213637,3.0473560036625713,4222.2871640115045,5991.465112565863
1783336377,50,,Aggregated,22.500000,0.000000,7,12,15,18,47,66,100,150,4100,4200,4200,6282,0,7,44.67225023792351,3.0473560036625713,4222.2871640115045,5995.269977714104
1783336378,50,,Aggregated,22.900000,0.000000,7,12,15,18,47,66,100,150,4100,4200,4200,6310,0,7,44.527912518325394,3.0473560036625713,4222.2871640115045,6003.755625990491
1783336379,50,,Aggregated,23.700000,0.000000,7,12,15,18,46,66,100,150,4100,4200,4200,6332,0,7,44.40809790453653,3.0473560036625713,4222.2871640115045,6009.7896399241945
1783336380,50,,Aggregated,23.300000,0.000000,7,12,15,18,46,66,100,150,4100,4200,4200,6350,0,7,44.31027898779432,3.0473560036625713,4222.2871640115045,6013.407244094488
1783336381,50,,Aggregated,23.900000,0.000000,7,12,15,18,46,66,100,150,4100,4200,4200,6381,0,7,44.18381809675873,3.0473560036625713,4222.2871640115045,6019.35025858016
1783336382,50,,Aggregated,23.600000,0.000000,7,12,15,18,46,66,100,150,4100,4200,4200,6402,0,7,44.06392903817761,3.0473560036625713,4222.2871640115045,6019.020618556701
1783336383,50,,Aggregated,23.000000,0.000000,7,12,14,18,46,66,100,150,4100,4200,4200,6429,0,7,43.93701050387349,3.0473560036625713,4222.2871640115045,6014.940115103437
1783336384,50,,Aggregated,23.300000,0.000000,7,12,15,18,46,65,100,150,4100,4200,4200,6448,0,7,43.859325952923946,3.0473560036625713,4222.2871640115045,6013.324906947891
1783336385,50,,Aggregated,23.000000,0.000000,7,12,15,18,46,65,100,150,4100,4200,4200,6466,0,7,43.77377874041324,3.0473560036625713,4222.2871640115045,6016.549180327869
1783336386,50,,Aggregated,24.000000,0.000000,7,12,15,18,46,65,100,150,4100,4200,4200,6492,0,7,43.66296090688495,3.0473560036625713,4222.2871640115045,6022.939926062847
1783336387,50,,Aggregated,23.100000,0.000000,7,12,15,18,46,65,100,150,4100,4200,4200,6511,0,7,43.56484072623485,3.0473560036625713,4222.2871640115045,6030.12732299186
1783336388,50,,Aggregated,23.100000,0.000000,7,12,15,18,46,65,100,150,4100,4200,4200,6540,0,7,43.42367738632724,3.0473560036625713,4222.2871640115045,6035.744495412844
1783336389,50,,Aggregated,22.800000,0.000000,7,12,15,18,46,65,100,150,4100,4200,4200,6557,0,7,43.35068843047175,3.0473560036625713,4222.2871640115045,6036.619490620711
1783336390,50,,Aggregated,23.100000,0.000000,7,12,14,18,46,65,100,150,4100,4200,4200,6583,0,7,43.23151049637399,3.0473560036625713,4222.2871640115045,6039.481239556433
1783336391,50,,Aggregated,22.700000,0.000000,7,12,15,18,46,65,100,150,4100,4200,4200,6600,0,7,43.18293911523528,3.0473560036625713,4222.2871640115045,6040.747121212121
1783336392,50,,Aggregated,22.500000,0.000000,7,12,15,18,46,65,100,150,4100,4200,4200,6626,0,7,43.09675735760921,3.0473560036625713,4222.2871640115045,6041.355568970722
1783336393,50,,Aggregated,23.000000,0.000000,7,12,15,18,46,65,100,150,4100,4200,4200,6650,0,7,42.9806305721045,3.0473560036625713,4222.2871640115045,6040.355187969924
1783336394,50,,Aggregated,21.900000,0.000000,7,12,15,18,46,65,100,150,4100,4200,4200,6672,0,7,42.87754946456056,3.0473560036625713,4222.2871640115045,6034.853866906475
1783336395,50,,Aggregated,22.500000,0.000000,7,12,15,18,46,65,100,150,4100,4200,4200,6696,0,7,42.783293826247366,3.0473560036625713,4222.2871640115045,6038.131571087216
1783336396,50,,Aggregated,21.800000,0.000000,7,12,14,17,46,65,100,140,4100,4200,4200,6720,0,7,42.682021019594515,3.0473560036625713,4222.2871640115045,6033.624107142857
1783336397,50,,Aggregated,22.700000,0.000000,7,12,14,17,46,65,100,140,4100,4200,4200,6743,0,7,42.57964328263385,3.0473560036625713,4222.2871640115045,6031.53225567255
1783336398,50,,Aggregated,23.300000,0.000000,7,12,15,17,46,65,100,140,4100,4200,4200,6765,0,7,42.50095007802255,3.0473560036625713,4222.2871640115045,6031.511308203992
1783336399,50,,Aggregated,22.500000,0.000000,7,12,14,17,46,65,100,140,4100,4200,4200,6792,0,7,42.38928504870719,3.0473560036625713,4222.2871640115045,6034.353798586572
1783336400,50,,Aggregated,23.200000,0.000000,7,12,14,17,46,65,100,140,4100,4200,4200,6811,0,7,42.31159332195824,3.0473560036625713,4222.2871640115045,6030.480105711349
1783336401,50,,Aggregated,22.500000,0.000000,7,12,15,17,46,65,100,140,4100,4200,4200,6833,0,7,42.22537815261878,3.0473560036625713,4222.2871640115045,6027.678179423387
1783336402,50,,Aggregated,23.400000,0.000000,7,12,15,17,46,65,100,140,4100,4200,4200,6857,0,7,42.13679100217481,3.0473560036625713,4222.2871640115045,6014.018083710077
1783336403,50,,Aggregated,22.800000,0.000000,7,12,15,18,46,65,100,140,4100,4200,4200,6879,0,7,42.06791857636415,3.0473560036625713,4222.2871640115045,6023.30934728885
1783336404,50,,Aggregated,23.100000,0.000000,7,12,15,17,46,65,100,140,4100,4200,4200,6899,0,7,41.97982131333565,3.0473560036625713,4222.2871640115045,6020.347876503841
1783336405,50,,Aggregated,22.700000,0.000000,7,12,15,17,46,64,99,140,4100,4200,4200,6929,0,7,41.852385937175264,3.0473560036625713,4222.2871640115045,6023.355606869678
1783336406,50,,Aggregated,23.000000,0.000000,7,12,15,17,46,64,99,140,4100,4200,4200,6949,0,7,41.77487644750543,3.0473560036625713,4222.2871640115045,6030.769175420924
1783336407,50,,Aggregated,22.400000,0.000000,7,12,15,17,46,64,99,140,4100,4200,4200,6969,0,7,41.69038112336709,3.0473560036625713,4222.2871640115045,6031.934710862391
1783336408,50,,Aggregated,22.900000,0.000000,7,12,15,17,46,64,99,140,4100,4200,4200,6991,0,7,41.597989232699426,3.0473560036625713,4222.2871640115045,6023.716349592333
1783336409,50,,Aggregated,22.900000,0.000000,7,12,15,17,46,64,98,140,4100,4200,4200,7014,0,7,41.51804990616778,3.0473560036625713,4222.2871640115045,6030.570145423439
1783336410,50,,Aggregated,22.400000,0.000000,7,12,14,17,46,64,98,140,4100,4200,4200,7040,0,7,41.39585622484777,3.0473560036625713,4222.2871640115045,6034.303835227272
1783336411,50,,Aggregated,22.500000,0.000000,7,12,14,17,46,64,98,140,4100,4200,4200,7062,0,7,41.300770942645066,3.0473560036625713,4222.2871640115045,6033.030586236194
1783336412,50,,Aggregated,22.200000,0.000000,7,12,14,17,46,64,98,140,4100,4200,4200,7079,0,7,41.26335920778642,3.0473560036625713,4222.2871640115045,6029.265574233649
1783336413,50,,Aggregated,22.900000,0.000000,7,12,15,17,46,64,98,140,4100,4200,4200,7104,0,7,41.18733119452094,3.0473560036625713,4222.2871640115045,6036.863316441441
1783336414,50,,Aggregated,22.800000,0.000000,7,12,15,17,46,64,98,140,4100,4200,4200,7129,0,7,41.10461373612169,3.0473560036625713,4222.2871640115045,6031.051900687334
1783336416,50,,Aggregated,22.100000,0.000000,7,12,15,17,46,64,98,140,4100,4200,4200,7154,0,7,41.008895642414195,3.0473560036625713,4222.2871640115045,6035.264048084988
1783336417,50,,Aggregated,22.400000,0.000000,7,12,15,18,46,64,98,140,4100,4200,4200,7174,0,7,40.938680553500326,3.0473560036625713,4222.2871640115045,6030.431697797602
1783336418,50,,Aggregated,22.900000,0.000000,7,12,15,17,46,64,98,140,4100,4200,4200,7199,0,7,40.83097117513571,3.0473560036625713,4222.2871640115045,6031.461175163217
1783336419,50,,Aggregated,22.500000,0.000000,7,12,15,17,46,64,98,140,4100,4200,4200,7222,0,7,40.7437042097389,3.0473560036625713,4222.2871640115045,6026.948906120188
1783336420,50,,Aggregated,22.500000,0.000000,7,12,14,17,46,64,98,140,4100,4200,4200,7243,0,7,40.647796695119666,3.0473560036625713,4222.2871640115045,6024.7398867872425
1783336421,50,,Aggregated,22.900000,0.000000,7,12,15,17,46,64,98,140,4100,4200,4200,7264,0,7,40.60604576165782,3.0473560036625713,4222.2871640115045,6024.132984581498
1783336422,50,,Aggregated,22.900000,0.000000,7,12,14,17,46,64,98,140,4100,4200,4200,7288,0,7,40.52311182804001,3.0473560036625713,4222.2871640115045,6028.362925356751
1783336423,50,,Aggregated,22.300000,0.000000,7,12,14,17,46,64,98,140,4100,4200,4200,7315,0,7,40.426767528059806,3.0473560036625713,4222.2871640115045,6024.602050580998
1783336424,50,,Aggregated,22.500000,0.000000,7,12,14,17,46,64,98,140,4100,4200,4200,7337,0,7,40.338328519238964,3.0473560036625713,4222.2871640115045,6029.866975603108
1783336425,50,,Aggregated,23.500000,0.000000,7,12,14,17,46,64,98,140,4100,4200,4200,7355,0,7,40.28191268641912,3.0473560036625713,4222.2871640115045,6028.89680489463
1783336426,50,,Aggregated,23.500000,0.000000,7,12,14,17,46,64,98,140,4100,4200,4200,7381,0,7,40.22347374063947,3.0473560036625713,4222.2871640115045,6036.932529467552
1783336427,50,,Aggregated,22.500000,0.000000,7,12,14,17,46,64,98,140,4100,4200,4200,7405,0,7,40.13476348273374,3.0473560036625713,4222.2871640115045,6035.695611073599
1783336428,50,,Aggregated,22.700000,0.000000,7,12,14,17,46,64,98,140,4100,4200,4200,7430,0,7,40.05171625890918,3.0473560036625713,4222.2871640115045,6028.82530282638
1783336429,50,,Aggregated,23.000000,0.000000,7,12,14,17,46,64,98,140,4100,4200,4200,7453,0,7,39.981844767571644,3.0473560036625713,4222.2871640115045,6033.841540319335
1783336430,50,,Aggregated,23.000000,0.000000,7,12,14,17,46,64,98,140,4100,4200,4200,7477,0,7,39.889324346880926,3.0473560036625713,4222.2871640115045,6042.634211582185
1783336431,50,,Aggregated,22.900000,0.000000,7,12,14,17,46,64,98,140,4100,4200,4200,7500,0,7,39.8181637000797,3.0473560036625713,4222.2871640115045,6045.276933333334
1783336432,50,,Aggregated,23.400000,0.000000,7,12,15,17,46,64,98,130,4100,4200,4200,7520,0,7,39.77472350686591,3.0473560036625713,4222.2871640115045,6042.707579787234
1783336433,50,,Aggregated,23.600000,0.000000,7,12,15,17,46,64,98,130,4100,4200,4200,7545,0,7,39.69097756496782,3.0473560036625713,4222.2871640115045,6042.908283631544
1783336434,50,,Aggregated,23.600000,0.000000,7,12,15,18,46,64,98,130,4100,4200,4200,7569,0,7,39.607345644551316,3.0473560036625713,4222.2871640115045,6047.9254855330955
1783336435,50,,Aggregated,23.000000,0.000000,7,12,15,18,46,63,98,130,4100,4200,4200,7595,0,7,39.520066531080445,3.0473560036625713,4222.2871640115045,6050.625543120474
1783336436,50,,Aggregated,23.300000,0.000000,7,12,14,17,46,63,97,130,4100,4200,4200,7618,0,7,39.419356700384185,3.0473560036625713,4222.2871640115045,6047.118797584668
1783336437,50,,Aggregated,23.300000,0.000000,7,12,14,17,46,63,97,130,4100,4200,4200,7639,0,7,39.348566020885215,3.0473560036625713,4222.2871640115045,6042.639743421913
1783336438,50,,Aggregated,24.000000,0.000000,7,12,14,17,46,63,96,130,4100,4200,4200,7658,0,7,39.29397081283056,3.0473560036625713,4222.2871640115045,6039.3207103682425
1783336439,50,,Aggregated,23.500000,0.000000,7,12,14,17,46,63,96,130,4100,4200,4200,7684,0,7,39.20585987333061,3.0473560036625713,4222.2871640115045,6038.605413846954
1783336440,50,,Aggregated,23.000000,0.000000,7,12,14,17,46,63,96,130,4100,4200,4200,7700,0,7,39.157778586445424,3.0473560036625713,4222.2871640115045,6037.130519480519
1783336441,50,,Aggregated,23.000000,0.000000,7,12,14,17,46,63,95,130,4100,4200,4200,7725,0,7,39.08425250544641,3.0473560036625713,4222.2871640115045,6035.081165048544
1783336442,50,,Aggregated,22.200000,0.000000,7,12,14,17,45,63,95,130,4100,4200,4200,7747,0,7,39.01125135879712,3.0473560036625713,4222.2871640115045,6031.068800826126
1783336443,50,,Aggregated,22.200000,0.000000,7,12,14,17,45,63,95,130,4100,4200,4200,7771,0,7,38.93672632758009,3.0473560036625713,4222.2871640115045,6031.629133959594
1783336444,50,,Aggregated,22.800000,0.000000,7,12,14,17,45,63,95,130,4100,4200,4200,7800,0,7,38.827555168014115,3.0473560036625713,4222.2871640115045,6039.156666666667
1783336445,50,,Aggregated,22.400000,0.000000,7,12,14,17,45,63,95,130,4100,4200,4200,7825,0,7,38.739167959421884,3.0473560036625713,4222.2871640115045,6044.558083067092
1783336446,50,,Aggregated,22.600000,0.000000,7,12,14,17,45,63,95,130,4100,4200,4200,7847,0,7,38.66639822982648,3.0473560036625713,4222.2871640115045,6044.105135720658
1783336447,50,,Aggregated,22.600000,0.000000,7,12,14,17,45,63,95,130,4100,4200,4200,7868,0,7,38.5882282790309,3.0473560036625713,4222.2871640115045,6049.396670055923
1783336448,50,,Aggregated,22.500000,0.000000,7,12,14,17,45,62,95,130,4100,4200,4200,7893,0,7,38.49263097193473,3.0473560036625713,4222.2871640115045,6045.035221081971
1783336449,50,,Aggregated,22.500000,0.000000,7,12,14,17,45,62,95,130,4100,4200,4200,7913,0,7,38.421197578741705,3.0473560036625713,4222.2871640115045,6042.187286743334
1783336450,50,,Aggregated,23.200000,0.000000,7,12,14,17,45,63,95,130,4100,4200,4200,7941,0,7,38.37924120860667,3.0473560036625713,4222.2871640115045,6042.8298702934135
1783336451,50,,Aggregated,23.100000,0.000000,7,12,14,17,45,63,95,130,4100,4200,4200,7964,0,7,38.30568456988777,3.0473560036625713,4222.2871640115045,6046.5350326469115
1783336452,50,,Aggregated,23.900000,0.000000,7,12,14,17,45,62,95,130,4100,4200,4200,7985,0,7,38.23929356864368,3.0473560036625713,4222.2871640115045,6049.562805259862
1783336453,50,,Aggregated,23.700000,0.000000,7,12,14,17,45,62,95,130,4100,4200,4200,8014,0,7,38.154778084068646,3.0473560036625713,4222.2871640115045,6050.826054404792
1783336454,50,,Aggregated,23.900000,0.000000,7,12,14,17,45,62,95,130,4100,4200,4200,8035,0,7,38.09024501539327,3.0473560036625713,4222.2871640115045,6053.854013690106
1783336455,50,,Aggregated,24.300000,0.000000,7,12,14,17,45,62,95,130,4100,4200,4200,8061,0,7,38.02585838874507,3.0473560036625713,4222.2871640115045,6047.344498201216
1783336456,50,,Aggregated,23.300000,0.000000,7,12,14,17,45,62,95,130,4100,4200,4200,8085,0,7,37.95185037917744,3.0473560036625713,4222.2871640115045,6048.671985157699
1783336457,50,,Aggregated,23.500000,0.000000,7,12,14,17,45,62,95,130,4100,4200,4200,8111,0,7,37.89860399304527,3.0473560036625713,4222.2871640115045,6047.467883121687
1783336458,50,,Aggregated,24.100000,0.000000,7,12,14,17,45,62,95,130,4100,4200,4200,8128,0,7,37.847098824744265,3.0473560036625713,4222.2871640115045,6054.000492125984
1783336459,50,,Aggregated,23.300000,0.000000,7,12,14,17,45,62,95,130,4100,4200,4200,8152,0,7,37.77777846031979,3.0473560036625713,4222.2871640115045,6052.125490677135
1783336460,50,,Aggregated,23.300000,0.000000,7,12,14,17,45,62,95,130,4100,4200,4200,8179,0,7,37.68507661895295,3.0473560036625713,4222.2871640115045,6057.4637486245265
1783336461,50,,Aggregated,23.500000,0.000000,7,12,14,17,45,62,95,130,4100,4200,4200,8200,0,7,37.62353206103066,3.0473560036625713,4222.2871640115045,6056.0458536585365
1783336462,50,,Aggregated,23.600000,0.000000,7,12,14,17,45,62,95,130,4100,4200,4200,8222,0,7,37.572489423553776,3.0473560036625713,4222.2871640115045,6058.830941376794
1783336463,50,,Aggregated,23.700000,0.000000,7,12,14,17,45,62,95,130,4100,4200,4200,8249,0,7,37.49357615437438,3.0473560036625713,4222.2871640115045,6055.325251545642
1783336464,50,,Aggregated,23.100000,0.000000,7,12,14,17,45,62,94,130,4100,4200,4200,8269,0,7,37.44022353833754,3.0473560036625713,4222.2871640115045,6059.20957794171
1783336465,50,,Aggregated,23.100000,0.000000,7,12,14,17,45,62,94,130,4100,4200,4200,8291,0,7,37.37546068742596,3.0473560036625713,4222.2871640115045,6065.198046074056
1783336466,50,,Aggregated,23.500000,0.000000,7,12,14,17,45,62,94,130,4100,4200,4200,8318,0,7,37.29639166918803,3.0473560036625713,4222.2871640115045,6062.222890117817
1783336467,50,,Aggregated,23.000000,0.000000,7,12,14,17,45,62,94,130,4100,4200,4200,8340,0,7,37.245731639006614,3.0473560036625713,4222.2871640115045,6061.1286570743405
1783336468,50,,Aggregated,22.800000,0.000000,7,12,14,17,45,62,94,130,4100,4200,4200,8361,0,7,37.180811569942385,3.0473560036625713,4222.2871640115045,6065.940078937926
1783336469,50,,Aggregated,23.400000,0.000000,7,12,14,17,45,62,94,130,4100,4200,4200,8385,0,7,37.123885980595375,3.0473560036625713,4222.2871640115045,6065.28801431127
1783336470,50,,Aggregated,23.300000,0.000000,7,12,14,17,45,62,94,130,4100,4200,4200,8409,0,7,37.054368759941845,3.0473560036625713,4222.2871640115045,6057.0940658817935
1783336471,50,,Aggregated,23.100000,0.000000,7,12,14,17,45,62,94,130,4100,4200,4200,8432,0,7,36.991375027918,3.0473560036625713,4222.2871640115045,6062.859108159393
1783336472,50,,Aggregated,22.600000,0.000000,7,12,14,17,45,62,94,130,4100,4200,4200,8455,0,7,36.93327041945103,3.0473560036625713,4222.2871640115045,6066.549379065642
1783336473,50,,Aggregated,23.300000,0.000000,7,12,14,17,45,62,94,130,4100,4200,4200,8476,0,7,36.865218957699064,3.0473560036625713,4222.2871640115045,6059.405969797074
1783336474,50,,Aggregated,22.900000,0.000000,7,12,14,17,45,62,93,130,4100,4200,4200,8501,0,7,36.80652246423549,3.0473560036625713,4222.2871640115045,6054.594283025526
1783336475,50,,Aggregated,22.500000,0.000000,7,12,14,17,45,62,93,130,4100,4200,4200,8520,0,7,36.76581970087601,3.0473560036625713,4222.2871640115045,6054.600821596244
1783336476,50,,Aggregated,23.100000,0.000000,7,12,14,17,45,62,94,130,4100,4200,4200,8546,0,7,36.71066560220372,3.0473560036625713,4222.2871640115045,6057.812309852563
1783336477,50,,Aggregated,22.700000,0.000000,7,12,14,17,45,62,93,130,4100,4200,4200,8572,0,7,36.64911979998191,3.0473560036625713,4222.2871640115045,6059.133691087261
1783336478,50,,Aggregated,22.100000,0.000000,7,12,14,17,45,62,93,130,4100,4200,4200,8587,0,7,36.60922943442803,3.0473560036625713,4222.2871640115045,6057.594736229184
1783336479,50,,Aggregated,22.700000,0.000000,7,12,14,17,45,62,92,130,4100,4200,4200,8615,0,7,36.53799934132031,3.0473560036625713,4222.2871640115045,6058.178757980267
1783336480,50,,Aggregated,22.800000,0.000000,7,12,14,17,45,62,92,130,4100,4200,4200,8640,0,7,36.472920428874474,3.0473560036625713,4222.2871640115045,6059.022569444444
1783336481,50,,Aggregated,22.300000,0.000000,7,12,14,17,45,61,92,130,4100,4200,4200,8663,0,7,36.40697211041175,3.0473560036625713,4222.2871640115045,6058.547500865751
1783336482,50,,Aggregated,22.800000,0.000000,7,12,14,17,45,61,92,130,4100,4200,4200,8684,0,7,36.3521696091029,3.0473560036625713,4222.2871640115045,6050.304467987103
1783336483,50,,Aggregated,22.600000,0.000000,7,12,14,17,45,61,92,130,4100,4200,4200,8711,0,7,36.289555706753745,3.0473560036625713,4222.2871640115045,6048.24933991505
1783336484,50,,Aggregated,23.200000,0.000000,7,12,14,17,45,61,92,130,4100,4200,4200,8734,0,7,36.230148686576605,3.0473560036625713,4222.2871640115045,6045.309823677582
1783336485,50,,Aggregated,23.300000,0.000000,7,12,14,17,45,61,92,130,4100,4200,4200,8751,0,7,36.18368634218714,3.0473560036625713,4222.2871640115045,6050.851902639698
1783336486,50,,Aggregated,23.300000,0.000000,7,12,14,17,45,61,92,130,4100,4200,4200,8776,0,7,36.112787309767036,3.0473560036625713,4222.2871640115045,6052.77404284412
1783336487,50,,Aggregated,23.500000,0.000000,7,12,14,17,45,62,92,130,4100,4200,4200,8811,0,7,36.21550589531099,3.0473560036625713,4222.2871640115045,6049.982975825673
1783336488,50,,Aggregated,23.300000,0.000000,7,12,14,17,45,61,92,130,4100,4200,4200,8834,0,7,36.15668693667669,3.0473560036625713,4222.2871640115045,6043.828390310166
1783336489,50,,Aggregated,23.200000,0.000000,7,12,14,17,45,62,92,130,4100,4200,4200,8855,0,7,36.10674061521323,3.0473560036625713,4222.2871640115045,6048.543986448334
1783336490,50,,Aggregated,22.900000,0.000000,7,12,14,17,45,61,92,130,4100,4200,4200,8883,0,7,36.04424493028647,3.0473560036625713,4222.2871640115045,6055.34290217269
1783336491,50,,Aggregated,23.300000,0.000000,7,12,14,17,45,61,92,130,4100,4200,4200,8905,0,7,35.98847190427812,3.0473560036625713,4222.2871640115045,6057.243121841662
1783336492,50,,Aggregated,23.200000,0.000000,7,12,14,17,45,61,92,130,4100,4200,4200,8927,0,7,35.94219145365242,3.0473560036625713,4222.2871640115045,6057.023636159965
1783336493,50,,Aggregated,22.900000,0.000000,7,12,14,17,45,61,92,130,4100,4200,4200,8951,0,7,35.87980957365354,3.0473560036625713,4222.2871640115045,6054.816891967378
1783336494,50,,Aggregated,23.100000,0.000000,7,12,14,17,45,61,92,130,4100,4200,4200,8971,0,7,35.83086206106763,3.0473560036625713,4222.2871640115045,6054.2344220265295
1783336495,50,,Aggregated,22.900000,0.000000,7,12,14,17,45,61,92,130,4100,4200,4200,9000,0,7,35.745993653532224,3.0473560036625713,4222.2871640115045,6056.165777777778
1783336496,50,,Aggregated,22.600000,0.000000,7,12,14,17,45,61,92,130,4100,4200,4200,9018,0,7,35.694815377002875,3.0473560036625713,4222.2871640115045,6059.085939232646
1783336497,50,,Aggregated,22.700000,0.000000,7,12,14,17,45,61,92,130,4100,4200,4200,9042,0,7,35.62653894500778,3.0473560036625713,4222.2871640115045,6051.799933642999
1783336498,50,,Aggregated,23.700000,0.000000,7,12,14,17,45,61,92,130,4100,4200,4200,9058,0,7,35.58363490116956,3.0473560036625713,4222.2871640115045,6049.770258335173
1783336499,50,,Aggregated,22.600000,0.000000,7,12,14,17,45,60,92,130,4100,4200,4200,9087,0,7,35.50668574830981,3.0473560036625713,4222.2871640115045,6050.433806536811
1783336500,50,,Aggregated,23.000000,0.000000,7,12,14,17,45,60,91,130,4100,4200,4200,9104,0,7,35.46099116539651,3.0473560036625713,4222.2871640115045,6053.329525483304
1783336501,50,,Aggregated,22.400000,0.000000,7,12,14,17,45,60,91,130,4100,4200,4200,9129,0,7,35.42083416537014,3.0473560036625713,4222.2871640115045,6053.086427867236
1783336502,50,,Aggregated,22.700000,0.000000,7,12,14,17,45,60,91,130,4100,4200,4200,9156,0,7,35.36504089041506,3.0473560036625713,4222.2871640115045,6052.828200087374
1783336503,50,,Aggregated,22.100000,0.000000,7,12,14,17,45,60,91,130,4100,4200,4200,9181,0,7,35.292046656300805,3.0473560036625713,4222.2871640115045,6052.820063173946
1783336504,50,,Aggregated,22.400000,0.000000,7,12,14,17,45,60,91,120,4100,4200,4200,9203,0,7,35.24292464103907,3.0473560036625713,4222.2871640115045,6056.102031946105
1783336505,50,,Aggregated,22.800000,0.000000,7,12,14,17,45,60,91,120,4100,4200,4200,9225,0,7,35.188098574794836,3.0473560036625713,4222.2871640115045,6052.009972899729
1783336506,50,,Aggregated,22.800000,0.000000,7,12,14,17,45,60,91,120,4100,4200,4200,9249,0,7,35.15293884263971,3.0473560036625713,4222.2871640115045,6052.890907125095
1783336507,50,,Aggregated,22.900000,0.000000,7,12,14,17,45,60,91,120,4100,4200,4200,9276,0,7,35.0859338417894,3.0473560036625713,4222.2871640115045,6061.314359637775
1783336508,50,,Aggregated,22.600000,0.000000,7,12,14,17,45,60,91,120,4100,4200,4200,9303,0,7,35.01849494082533,3.0473560036625713,4222.2871640115045,6065.465656239922
1783336509,50,,Aggregated,22.900000,0.000000,7,12,14,17,45,60,91,120,4100,4200,4200,9321,0,7,34.971246433160886,3.0473560036625713,4222.2871640115045,6063.471086793263
1783336510,50,,Aggregated,23.700000,0.000000,7,12,14,17,45,60,91,120,4100,4200,4200,9341,0,7,34.94147762610398,3.0473560036625713,4222.2871640115045,6059.701209720587
1783336511,50,,Aggregated,24.400000,0.000000,7,12,14,17,45,60,91,120,4100,4200,4200,9363,0,7,34.89921196864578,3.0473560036625713,4222.2871640115045,6056.210936665599
1783336512,50,,Aggregated,23.500000,0.000000,7,12,14,17,45,60,91,120,4100,4200,4200,9387,0,7,34.85701706940146,3.0473560036625713,4222.2871640115045,6053.572919995739
1783336513,50,,Aggregated,23.600000,0.000000,7,12,14,17,45,60,91,120,4100,4200,4200,9413,0,7,34.78667767795162,3.0473560036625713,4222.2871640115045,6056.313821310953
1783336514,50,,Aggregated,23.200000,0.000000,7,12,14,17,45,60,91,120,4100,4200,4200,9438,0,7,34.73015675616404,3.0473560036625713,4222.2871640115045,6053.704810341174
1783336515,50,,Aggregated,23.100000,0.000000,7,12,14,17,45,60,91,120,4100,4200,4200,9461,0,7,34.68745551566405,3.0473560036625713,4222.2871640115045,6052.984145439172
1783336516,50,,Aggregated,23.200000,0.000000,7,12,14,17,45,60,91,120,4100,4200,4200,9482,0,7,34.6457139493484,3.0473560036625713,4222.2871640115045,6048.489348238768
1783336517,50,,Aggregated,23.400000,0.000000,7,12,14,17,45,60,91,120,4100,4200,4200,9505,0,7,34.59635960596304,3.0473560036625713,4222.2871640115045,6041.233876906891
1783336518,50,,Aggregated,23.400000,0.000000,7,12,14,17,45,60,91,120,4100,4200,4200,9529,0,7,34.54796747620283,3.0473560036625713,4222.2871640115045,6042.8086892643505
1783336519,50,,Aggregated,23.300000,0.000000,7,12,14,17,45,60,91,120,4100,4200,4200,9552,0,7,34.490082825561004,3.0473560036625713,4222.2871640115045,6040.788002512563
1783336520,50,,Aggregated,22.500000,0.000000,7,12,14,17,45,60,91,120,4100,4200,4200,9571,0,7,34.45172782256108,3.0473560036625713,4222.2871640115045,6039.328805767423
1783336522,50,,Aggregated,22.600000,0.000000,7,12,14,17,45,60,91,120,4100,4200,4200,9601,0,7,34.39043075416801,3.0473560036625713,4222.2871640115045,6034.398083532966
1783336523,50,,Aggregated,23.000000,0.000000,7,12,14,17,45,60,91,120,4100,4200,4200,9621,0,7,34.34624997377663,3.0473560036625713,4222.2871640115045,6029.894501611059
1783336524,50,,Aggregated,23.000000,0.000000,7,12,14,17,45,60,91,120,4100,4200,4200,9643,0,7,34.29667725331585,3.0473560036625713,4222.2871640115045,6030.613294617858
1783336525,50,,Aggregated,23.800000,0.000000,7,12,14,17,45,60,91,120,4100,4200,4200,9671,0,7,34.23844022942162,3.0473560036625713,4222.2871640115045,6033.708303174439
1783336526,50,,Aggregated,23.300000,0.000000,7,12,14,17,45,60,91,120,4100,4200,4200,9688,0,7,34.19609713219306,3.0473560036625713,4222.2871640115045,6029.15142444261
1783336527,50,,Aggregated,23.000000,0.000000,7,12,14,17,45,60,91,120,4100,4200,4200,9715,0,7,34.16878398709988,3.0473560036625713,4222.2871640115045,6029.162429233144
1783336528,50,,Aggregated,23.300000,0.000000,7,12,14,17,45,60,91,120,4100,4200,4200,9739,0,7,34.1385653449707,3.0473560036625713,4222.2871640115045,6029.595954410103
1783336529,50,,Aggregated,23.300000,0.000000,7,12,14,17,45,60,91,120,4100,4200,4200,9761,0,7,34.09095787365674,3.0473560036625713,4222.2871640115045,6030.2927978690705
1783336530,50,,Aggregated,23.400000,0.000000,7,12,14,17,45,60,91,120,4100,4200,4200,9784,0,7,34.058304811806636,3.0473560036625713,4222.2871640115045,6027.618969746525
1783336531,50,,Aggregated,23.400000,0.000000,7,12,14,17,45,60,90,120,4100,4200,4200,9805,0,7,34.001260235057195,3.0473560036625713,4222.2871640115045,6022.700050994391
1783336532,50,,Aggregated,23.100000,0.000000,7,12,14,17,45,60,90,120,4100,4200,4200,9832,0,7,33.95175034994859,3.0473560036625713,4222.2871640115045,6025.138425549227
1783336533,50,,Aggregated,23.100000,0.000000,7,12,14,17,45,60,90,120,4100,4200,4200,9852,0,7,33.90055746586988,3.0473560036625713,4222.2871640115045,6023.149208282583
1783336534,50,,Aggregated,23.000000,0.000000,7,12,14,17,44,60,90,120,4100,4200,4200,9875,0,7,33.838180687977,3.0473560036625713,4222.2871640115045,6018.516556962025
1783336535,50,,Aggregated,23.000000,0.000000,7,12,14,17,44,60,90,120,4100,4200,4200,9897,0,7,33.79679627571942,3.0473560036625713,4222.2871640115045,6017.588966353441
1783336536,50,,Aggregated,23.100000,0.000000,7,12,14,17,44,59,90,120,4100,4200,4200,9922,0,7,33.74137892651214,3.0473560036625713,4222.2871640115045,6015.4644224954645
1783336537,50,,Aggregated,22.600000,0.000000,7,12,14,17,44,59,90,120,4100,4200,4200,9943,0,7,33.70477449923676,3.0473560036625713,4222.2871640115045,6014.894498642261
1783336538,50,,Aggregated,23.300000,0.000000,7,12,14,17,44,59,90,120,4100,4200,4200,9969,0,7,33.66027671691852,3.0473560036625713,4222.2871640115045,6011.8355903300235
1783336539,50,,Aggregated,22.700000,0.000000,7,12,14,17,44,59,90,120,4100,4200,4200,9990,0,7,33.61169376356182,3.0473560036625713,4222.2871640115045,6015.548648648649
1783336540,50,,Aggregated,22.500000,0.000000,7,12,14,17,44,59,89,120,4100,4200,4200,10014,0,7,33.55287116986442,3.0473560036625713,4222.2871640115045,6016.586179348911
1783336541,50,,Aggregated,23.000000,0.000000,7,12,14,17,44,59,89,120,4100,4200,4200,10033,0,7,33.52000285658535,3.0473560036625713,4222.2871640115045,6014.307086614173
1783336542,50,,Aggregated,23.000000,0.000000,7,12,14,17,44,59,89,120,4100,4200,4200,10058,0,7,33.46564622570697,3.0473560036625713,4222.2871640115045,6013.7286736925835
1783336543,50,,Aggregated,22.600000,0.000000,7,12,14,17,44,59,89,120,4100,4200,4200,10080,0,7,33.419674914208976,3.0473560036625713,4222.2871640115045,6013.566170634921
1783336544,50,,Aggregated,22.600000,0.000000,7,12,14,17,44,59,89,120,4100,4200,4200,10102,0,7,33.386453940527154,3.0473560036625713,4222.2871640115045,6013.1980795882
1783336545,50,,Aggregated,22.600000,0.000000,7,12,14,17,44,59,89,120,4100,4200,4200,10129,0,7,33.33528122511602,3.0473560036625713,4222.2871640115045,6003.540724651989
1783336546,50,,Aggregated,22.800000,0.000000,7,12,14,17,44,59,89,120,4100,4200,4200,10152,0,7,33.30071730784555,3.0473560036625713,4222.2871640115045,6002.009259259259
1783336547,50,,Aggregated,22.900000,0.000000,7,12,14,17,44,59,89,120,4100,4200,4200,10172,0,7,33.27262691488953,3.0473560036625713,4222.2871640115045,5997.826582776249
1783336548,50,,Aggregated,22.900000,0.000000,7,12,14,17,44,59,89,120,4100,4200,4200,10197,0,7,33.2215321058432,3.0473560036625713,4222.2871640115045,5999.458075904678
1783336549,50,,Aggregated,22.700000,0.000000,7,12,14,17,44,59,89,120,4100,4200,4200,10221,0,7,33.16551388282172,3.0473560036625713,4222.2871640115045,5998.266118775071
1783336550,50,,Aggregated,23.100000,0.000000,7,12,14,17,44,59,89,120,4100,4200,4200,10242,0,7,33.12636538501459,3.0473560036625713,4222.2871640115045,5998.761472368678
1783336551,50,,Aggregated,22.900000,0.000000,7,12,14,17,44,59,88,120,4100,4200,4200,10268,0,7,33.07404716140176,3.0473560036625713,4222.2871640115045,5995.551714063109
1783336552,50,,Aggregated,22.700000,0.000000,7,12,14,17,44,59,88,120,4100,4200,4200,10294,0,7,33.01587525299706,3.0473560036625713,4222.2871640115045,5992.640567320769
1783336553,50,,Aggregated,23.300000,0.000000,7,12,14,17,44,59,88,120,4100,4200,4200,10314,0,7,32.9894692981701,3.0473560036625713,4222.2871640115045,5993.694105099864
1783336554,50,,Aggregated,23.400000,0.000000,7,12,14,17,44,59,88,120,4100,4200,4200,10335,0,7,32.94931082614802,3.0473560036625713,4222.2871640115045,6000.6498306724725
1783336555,50,,Aggregated,23.400000,0.000000,7,12,14,17,44,59,88,120,4100,4200,4200,10357,0,7,32.906695205580114,3.0473560036625713,4222.2871640115045,6003.777058993917
1783336556,50,,Aggregated,23.400000,0.000000,7,12,14,17,44,59,88,120,4100,4200,4200,10383,0,7,32.85448326082513,3.0473560036625713,4222.2871640115045,6007.289415390543
1783336557,50,,Aggregated,23.000000,0.000000,7,12,14,17,44,59,88,120,4100,4200,4200,10405,0,7,32.813369097558564,3.0473560036625713,4222.2871640115045,6005.784238346949
1783336558,50,,Aggregated,23.300000,0.000000,7,12,14,17,44,59,88,120,4100,4200,4200,10428,0,7,32.77957691006076,3.0473560036625713,4222.2871640115045,5998.939010356732
1783336559,50,,Aggregated,23.300000,0.000000,7,12,14,17,44,59,88,120,4100,4200,4200,10456,0,7,32.71795492407121,3.0473560036625713,4222.2871640115045,5998.707631981637
1783336560,50,,Aggregated,22.800000,0.000000,7,12,14,17,44,59,88,120,4100,4200,4200,10474,0,7,32.686597922294396,3.0473560036625713,4222.2871640115045,5997.2037426007255
1783336561,50,,Aggregated,23.500000,0.000000,7,12,14,17,44,59,88,120,4100,4200,4200,10498,0,7,32.64002298744259,3.0473560036625713,4222.2871640115045,5995.119356067822
1783336562,50,,Aggregated,22.900000,0.000000,7,12,14,17,44,59,87,120,4100,4200,4200,10522,0,7,32.599169478163425,3.0473560036625713,4222.2871640115045,5994.0043717924345
1783336563,50,,Aggregated,23.000000,0.000000,7,12,14,17,44,59,87,120,4100,4200,4200,10540,0,7,32.56765919062883,3.0473560036625713,4222.2871640115045,5992.567552182163
1783336564,50,,Aggregated,22.900000,0.000000,7,12,14,17,44,59,87,120,4100,4200,4200,10566,0,7,32.51752345024118,3.0473560036625713,4222.2871640115045,5990.127957599849
1783336565,50,,Aggregated,22.600000,0.000000,7,12,14,17,44,59,87,120,4100,4200,4200,10588,0,7,32.47124771460833,3.0473560036625713,4222.2871640115045,5990.315357007934
1783336566,50,,Aggregated,22.500000,0.000000,7,12,14,17,44,59,87,120,4100,4200,4200,10611,0,7,32.442955454370875,3.0473560036625713,4222.2871640115045,5987.958816322684
1783336567,50,,Aggregated,23.100000,0.000000,7,12,14,17,44,59,87,120,4100,4200,4200,10629,0,7,32.401110119227106,3.0473560036625713,4222.2871640115045,5992.207451312447
1783336568,50,,Aggregated,22.300000,0.000000,7,12,14,17,44,59,87,120,4100,4200,4200,10654,0,7,32.3642208833602,3.0473560036625713,4222.2871640115045,5990.445935798761
1783336569,50,,Aggregated,22.400000,0.000000,7,12,14,17,44,58,87,120,4100,4200,4200,10675,0,7,32.32063619993012,3.0473560036625713,4222.2871640115045,5993.144262295082
1783336570,50,,Aggregated,22.700000,0.000000,7,12,14,17,44,58,87,120,4100,4200,4200,10692,0,7,32.291951696340625,3.0473560036625713,4222.2871640115045,5990.908529741863
1783336571,50,,Aggregated,21.900000,0.000000,7,12,14,17,44,58,87,120,4100,4200,4200,10721,0,7,32.24781221101215,3.0473560036625713,4222.2871640115045,5984.3826135621675
1783336572,50,,Aggregated,21.900000,0.000000,7,12,14,17,44,58,87,120,4100,4200,4200,10740,0,7,32.22139147637079,3.0473560036625713,4222.2871640115045,5988.593016759776
1783336573,50,,Aggregated,22.200000,0.000000,7,12,14,16,44,58,87,120,4100,4200,4200,10759,0,7,32.17717846308177,3.0473560036625713,4222.2871640115045,5991.901849614276
1783336574,50,,Aggregated,21.700000,0.000000,7,12,14,16,44,58,87,120,4100,4200,4200,10784,0,7,32.125899644773085,3.0473560036625713,4222.2871640115045,5991.916264836796
1783336575,50,,Aggregated,21.900000,0.000000,7,12,14,16,44,58,87,120,4100,4200,4200,10808,0,7,32.109473149358,3.0473560036625713,4222.2871640115045,5991.753053293856
1783336576,50,,Aggregated,22.000000,0.000000,7,12,14,16,44,58,87,120,4100,4200,4200,10834,0,7,32.066557132942656,3.0473560036625713,4222.2871640115045,5994.349363116116
1783336577,50,,Aggregated,21.700000,0.000000,7,12,14,16,44,58,87,120,4100,4200,4200,10858,0,7,32.02203280450606,3.0473560036625713,4222.2871640115045,5994.793700497329
1783336578,50,,Aggregated,21.900000,0.000000,7,12,14,16,44,58,87,120,4100,4200,4200,10879,0,7,31.985825662677744,3.0473560036625713,4222.2871640115045,5995.675613567423
1783336579,50,,Aggregated,22.700000,0.000000,7,12,14,16,44,58,87,120,4100,4200,4200,10900,0,7,31.945109104066383,3.0473560036625713,4222.2871640115045,5996.425412844037
1783336580,50,,Aggregated,22.500000,0.000000,7,12,14,16,44,58,87,120,4100,4200,4200,10928,0,7,31.894823868262357,3.0473560036625713,4222.2871640115045,5993.220900439239
1783336581,50,,Aggregated,22.600000,0.000000,7,12,14,16,44,58,87,120,4100,4200,4200,10951,0,7,31.855768684360775,3.0473560036625713,4222.2871640115045,5996.373573189663
1783336582,50,,Aggregated,23.400000,0.000000,7,12,14,16,44,58,87,120,4100,4200,4200,10970,0,7,31.81772643231238,3.0473560036625713,4222.2871640115045,5994.797265268915
1783336583,50,,Aggregated,22.600000,0.000000,7,12,14,16,44,58,87,120,4100,4200,4200,10991,0,7,31.788859961651493,3.0473560036625713,4222.2871640115045,5998.964607406059
1783336584,50,,Aggregated,23.000000,0.000000,7,12,14,16,44,58,86,120,4100,4200,4200,11018,0,7,31.738850563945523,3.0473560036625713,4222.2871640115045,5999.583953530586
1783336585,50,,Aggregated,23.200000,0.000000,7,12,14,16,44,58,86,120,4100,4200,4200,11038,0,7,31.7044023894383,3.0473560036625713,4222.2871640115045,5997.853687262185
1783336586,50,,Aggregated,23.200000,0.000000,7,12,14,16,44,58,86,120,4100,4200,4200,11059,0,7,31.676589303428962,3.0473560036625713,4222.2871640115045,5998.823401754227
1783336587,50,,Aggregated,23.100000,0.000000,7,12,14,16,44,58,87,120,4100,4200,4200,11080,0,7,31.66365015692368,3.0473560036625713,4222.2871640115045,5997.678429602888
1783336588,50,,Aggregated,22.500000,0.000000,7,12,14,16,44,58,87,120,4100,4200,4200,11103,0,7,31.618968033934124,3.0473560036625713,4222.2871640115045,5997.529496532468
1783336589,50,,Aggregated,22.500000,0.000000,7,12,14,16,44,58,87,120,4100,4200,4200,11127,0,7,31.58674101471512,3.0473560036625713,4222.2871640115045,6000.98310416105
1783336590,50,,Aggregated,22.000000,0.000000,7,12,14,16,44,58,86,120,4100,4200,4200,11153,0,7,31.54387487606635,3.0473560036625713,4222.2871640115045,6007.248991302788
1783336591,50,,Aggregated,22.600000,0.000000,7,12,14,16,44,58,86,120,4100,4200,4200,11177,0,7,31.511863540373433,3.0473560036625713,4222.2871640115045,6000.63093853449
1783336592,50,,Aggregated,22.500000,0.000000,7,12,14,16,44,58,86,120,4100,4200,4200,11200,0,7,31.479442887570517,3.0473560036625713,4222.2871640115045,5997.808035714285
1783336593,50,,Aggregated,22.800000,0.000000,7,12,14,16,44,58,86,120,4100,4200,4200,11219,0,7,31.446648957107456,3.0473560036625713,4222.2871640115045,5998.418486496123
1783336594,50,,Aggregated,23.100000,0.000000,7,12,14,16,44,58,86,120,4100,4200,4200,11241,0,7,31.410218299329333,3.0473560036625713,4222.2871640115045,5996.233342229339
1783336595,50,,Aggregated,22.500000,0.000000,7,12,14,16,44,58,86,120,4100,4200,4200,11266,0,7,31.373449697743744,3.0473560036625713,4222.2871640115045,5994.343333925084
1783336596,50,,Aggregated,22.500000,0.000000,7,12,14,16,44,58,86,120,4100,4200,4200,11288,0,7,31.335123967646382,3.0473560036625713,4222.2871640115045,5995.350283486889
1783336597,50,,Aggregated,22.500000,0.000000,7,12,14,16,44,58,86,120,4100,4200,4200,11313,0,7,31.304989571092317,3.0473560036625713,4222.2871640115045,5993.199593388137
1783336598,50,,Aggregated,23.100000,0.000000,7,12,14,16,44,58,86,120,4100,4200,4200,11332,0,7,31.273196081434996,3.0473560036625713,4222.2871640115045,5994.7528238616305
1783336599,50,,Aggregated,22.700000,0.000000,7,12,14,16,44,58,86,120,4100,4200,4200,11354,0,7,31.243643907937923,3.0473560036625713,4222.2871640115045,5991.238065879867
1783336600,50,,Aggregated,22.900000,0.000000,7,12,14,16,44,58,86,120,4100,4200,4200,11382,0,7,31.201797093898506,3.0473560036625713,4222.2871640115045,5988.032683183975
1783336601,50,,Aggregated,22.600000,0.000000,7,12,14,16,44,58,86,120,4100,4200,4200,11405,0,7,31.17821427661685,3.0473560036625713,4222.2871640115045,5986.331170539237
1783336602,50,,Aggregated,22.400000,0.000000,7,12,14,16,44,58,86,120,4100,4200,4200,11424,0,7,31.139639231350017,3.0473560036625713,4222.2871640115045,5988.374212184874
1783336603,50,,Aggregated,22.900000,0.000000,7,12,14,16,44,58,86,120,4100,4200,4200,11446,0,7,31.11089053764851,3.0473560036625713,4222.2871640115045,5981.807531015202
1783336604,50,,Aggregated,22.100000,0.000000,7,12,14,16,44,58,86,120,4100,4200,4200,11473,0,7,31.07077805359787,3.0473560036625713,4222.2871640115045,5982.863418460734
1783336605,50,,Aggregated,22.900000,0.000000,7,12,14,16,44,58,86,120,4100,4200,4200,11496,0,7,31.022294284788003,3.0473560036625713,4222.2871640115045,5985.233124565066
1783336606,50,,Aggregated,22.700000,0.000000,7,12,14,16,44,58,86,120,4100,4200,4200,11522,0,7,30.99081911628953,3.0473560036625713,4222.2871640115045,5988.81574379448
1783336607,50,,Aggregated,22.700000,0.000000,7,12,14,16,44,58,86,120,4100,4200,4200,11544,0,7,30.95351472910985,3.0473560036625713,4222.2871640115045,5983.383575883576
1783336608,50,,Aggregated,23.700000,0.000000,7,12,14,16,44,58,86,120,4100,4200,4200,11569,0,7,30.914015050894793,3.0473560036625713,4222.2871640115045,5977.663843028784
1783336609,50,,Aggregated,22.800000,0.000000,7,12,14,16,44,58,86,120,4100,4200,4200,11596,0,7,30.874182699532525,3.0473560036625713,4222.2871640115045,5976.1788547775095
1783336610,50,,Aggregated,23.500000,0.000000,7,12,14,16,44,58,86,120,4100,4200,4200,11615,0,7,30.853462964504313,3.0473560036625713,4222.2871640115045,5971.9121825226
1783336611,50,,Aggregated,23.600000,0.000000,7,12,14,16,44,58,86,120,4100,4200,4200,11645,0,7,30.808744399199828,3.0473560036625713,4222.2871640115045,5969.248089308716
1783336612,50,,Aggregated,23.700000,0.000000,7,12,14,16,44,58,86,120,4100,4200,4200,11670,0,7,30.7820279141076,3.0473560036625713,4222.2871640115045,5962.006341045416
1783336613,50,,Aggregated,23.100000,0.000000,7,12,14,16,44,58,86,120,4100,4200,4200,11694,0,7,30.742046492531678,3.0473560036625713,4222.2871640115045,5960.6710278775445
1783336614,50,,Aggregated,24.300000,0.000000,7,12,14,16,44,58,86,120,4100,4200,4200,11715,0,7,30.70894848175275,3.0473560036625713,4222.2871640115045,5961.632180964575
1783336615,50,,Aggregated,23.400000,0.000000,7,12,14,16,44,58,86,120,4100,4200,4200,11738,0,7,30.674236285889243,3.0473560036625713,4222.2871640115045,5962.671238711876
1783336616,50,,Aggregated,24.300000,0.000000,7,12,14,16,44,58,86,120,4100,4200,4200,11763,0,7,30.634525600846175,3.0473560036625713,4222.2871640115045,5962.12675337924
1783336617,50,,Aggregated,24.300000,0.000000,7,12,14,16,44,58,86,120,4100,4200,4200,11787,0,7,30.60163916481877,3.0473560036625713,4222.2871640115045,5960.582760668533
1783336618,50,,Aggregated,23.200000,0.000000,7,12,14,16,44,58,86,120,4100,4200,4200,11804,0,7,30.57028286281618,3.0473560036625713,4222.2871640115045,5959.916723144696
1783336619,50,,Aggregated,24.100000,0.000000,7,12,14,16,44,58,86,120,4100,4200,4200,11828,0,7,30.537423908240488,3.0473560036625713,4222.2871640115045,5956.382397700372
1783336620,50,,Aggregated,23.500000,0.000000,7,12,14,16,44,57,86,120,4100,4200,4200,11851,0,7,30.505765097935186,3.0473560036625713,4222.2871640115045,5957.633026748797
1783336621,50,,Aggregated,22.800000,0.000000,7,12,14,16,44,57,86,120,4100,4200,4200,11871,0,7,30.477323441968377,3.0473560036625713,4222.2871640115045,5954.361216409738
1783336622,50,,Aggregated,22.500000,0.000000,7,12,14,16,44,57,86,120,4100,4200,4200,11899,0,7,30.423538491017812,3.0473560036625713,4222.2871640115045,5952.59198251954
1783336623,50,,Aggregated,23.100000,0.000000,7,12,14,16,44,57,85,110,4100,4200,4200,11921,0,7,30.390088415620625,3.0473560036625713,4222.2871640115045,5952.143108799597
1783336624,50,,Aggregated,22.000000,0.000000,7,12,14,16,44,57,85,110,4100,4200,4200,11941,0,7,30.356417855341604,3.0473560036625713,4222.2871640115045,5951.124110208525
1783336625,50,,Aggregated,22.900000,0.000000,7,12,14,16,44,57,85,110,4100,4200,4200,11964,0,7,30.329300708097986,3.0473560036625713,4222.2871640115045,5949.884486793714
1783336626,50,,Aggregated,22.100000,0.000000,7,12,14,16,44,57,85,110,4100,4200,4200,11988,0,7,30.29792406604012,3.0473560036625713,4222.2871640115045,5948.99015682349
1783336627,50,,Aggregated,22.200000,0.000000,7,12,14,16,44,57,85,110,4100,4200,4200,12005,0,7,30.270039028798315,3.0473560036625713,4222.2871640115045,5947.8802998750525
1783336628,50,,Aggregated,21.700000,0.000000,7,12,14,16,44,57,85,110,4100,4200,4200,12027,0,7,30.24128824035156,3.0473560036625713,4222.2871640115045,5946.941381890746
1783336629,50,,Aggregated,22.500000,0.000000,7,12,14,16,44,57,85,110,4100,4200,4200,12059,0,7,30.192414369575335,3.0473560036625713,4222.2871640115045,5945.063106393565
1783336630,50,,Aggregated,22.700000,0.000000,7,11,14,16,44,57,85,110,4100,4200,4200,12082,0,7,30.150901451721147,3.0473560036625713,4222.2871640115045,5941.990067869558
1783336631,50,,Aggregated,22.800000,0.000000,7,11,14,16,44,57,85,110,4100,4200,4200,12101,0,7,30.125288973205045,3.0473560036625713,4222.2871640115045,5945.654574002148
1783336632,50,,Aggregated,23.400000,0.000000,7,11,14,16,44,57,85,110,4100,4200,4200,12126,0,7,30.09375560241173,3.0473560036625713,4222.2871640115045,5949.011792841828
1783336633,50,,Aggregated,22.600000,0.000000,7,11,14,16,44,57,85,110,4100,4200,4200,12149,0,7,30.06272715802583,3.0473560036625713,4222.2871640115045,5950.551897275496
1783336634,50,,Aggregated,23.400000,0.000000,7,11,14,16,44,57,84,110,4100,4200,4200,12170,0,7,30.03338782726397,3.0473560036625713,4222.2871640115045,5949.457025472473
1783336635,50,,Aggregated,23.200000,0.000000,7,11,14,16,44,57,84,110,4100,4200,4200,12196,0,7,29.993437853384158,3.0473560036625713,4222.2871640115045,5949.330846179075
1783336636,50,,Aggregated,23.100000,0.000000,7,11,14,16,44,57,84,110,4100,4200,4200,12216,0,7,29.959304590200656,3.0473560036625713,4222.2871640115045,5947.855353634578
1783336637,50,,Aggregated,22.600000,0.000000,7,11,14,16,44,57,84,110,4100,4200,4200,12233,0,7,29.93149557743921,3.0473560036625713,4222.2871640115045,5949.675713234693
1783336638,50,,Aggregated,23.900000,0.000000,7,11,14,16,44,57,84,110,4100,4200,4200,12262,0,7,29.902208174016213,3.0473560036625713,4222.2871640115045,5947.359321480998
1783336639,50,,Aggregated,22.500000,0.000000,7,11,14,16,44,57,84,110,4100,4200,4200,12285,0,7,29.8740933659571,3.0473560036625713,4222.2871640115045,5944.935205535206
1783336640,50,,Aggregated,22.200000,0.000000,7,11,14,16,44,57,84,110,4100,4200,4200,12309,0,7,29.84413155119771,3.0473560036625713,4222.2871640115045,5947.71021203997
1783336641,50,,Aggregated,23.300000,0.000000,7,11,14,16,44,57,84,110,4100,4200,4200,12332,0,7,29.807625338451693,3.0473560036625713,4222.2871640115045,5948.074764839442
1783336642,50,,Aggregated,23.000000,0.000000,7,11,14,16,44,57,84,110,4100,4200,4200,12355,0,7,29.777694211965873,3.0473560036625713,4222.2871640115045,5948.7030352084175
1783336643,50,,Aggregated,22.900000,0.000000,7,11,14,16,44,57,84,110,4100,4200,4200,12376,0,7,29.755159071656507,3.0473560036625713,4222.2871640115045,5948.878716871364
1783336644,50,,Aggregated,22.100000,0.000000,7,11,14,16,44,57,84,110,4100,4200,4200,12395,0,7,29.73253095545111,3.0473560036625713,4222.2871640115045,5949.699556272691
1783336645,50,,Aggregated,22.200000,0.000000,7,11,14,16,44,57,84,110,4100,4200,4200,12417,0,7,29.711716894072918,3.0473560036625713,4222.2871640115045,5950.778046226947
1783336646,50,,Aggregated,22.900000,0.000000,7,11,14,16,44,57,84,110,4100,4200,4200,12437,0,7,29.713550546488225,3.0473560036625713,4222.2871640115045,5947.802042293158
1783336647,50,,Aggregated,22.100000,0.000000,7,11,14,16,44,57,84,110,4100,4200,4200,12460,0,7,29.68182578616984,3.0473560036625713,4222.2871640115045,5945.668298555377
1783336648,50,,Aggregated,21.700000,0.000000,7,11,14,16,44,57,84,110,4100,4200,4200,12483,0,7,29.657511692593943,3.0473560036625713,4222.2871640115045,5945.00745013218
1783336649,50,,Aggregated,22.000000,0.000000,7,11,14,16,44,57,84,110,4100,4200,4200,12509,0,7,29.62846102315695,3.0473560036625713,4222.2871640115045,5942.7941482132865
1783336650,50,,Aggregated,22.500000,0.000000,7,11,14,16,44,57,84,110,4100,4200,4200,12536,0,7,29.585903444610167,3.0473560036625713,4222.2871640115045,5940.775047862157
1783336651,50,,Aggregated,21.600000,0.000000,7,11,14,16,44,57,84,110,4100,4200,4200,12556,0,7,29.555458469066696,3.0473560036625713,4222.2871640115045,5937.325661038547
1783336652,50,,Aggregated,21.800000,0.000000,7,11,14,16,44,57,84,110,4100,4200,4200,12584,0,7,29.519271205307483,3.0473560036625713,4222.2871640115045,5931.775111252384
1783336653,50,,Aggregated,22.800000,0.000000,7,11,14,16,44,57,84,110,4100,4200,4200,12600,0,7,29.50744961068267,3.0473560036625713,4222.2871640115045,5929.5663492063495
1783336654,50,,Aggregated,23.200000,0.000000,7,11,14,16,44,57,84,110,4100,4200,4200,12627,0,7,29.48049277956844,3.0473560036625713,4222.2871640115045,5924.9090045141365
1783336655,50,,Aggregated,22.600000,0.000000,7,11,14,16,44,57,84,110,4100,4200,4200,12646,0,7,29.453071255937086,3.0473560036625713,4222.2871640115045,5923.825794717697
1783336656,50,,Aggregated,22.400000,0.000000,7,11,14,16,44,57,84,110,4100,4200,4200,12667,0,7,29.423954228743394,3.0473560036625713,4222.2871640115045,5923.556169574485
1783336657,50,,Aggregated,23.100000,0.000000,7,11,14,16,44,57,84,110,4100,4200,4200,12690,0,7,29.397241385458948,3.0473560036625713,4222.2871640115045,5922.6973995271865
1783336658,50,,Aggregated,22.800000,0.000000,7,11,14,16,44,57,84,110,4100,4200,4200,12718,0,7,29.359067891684628,3.0473560036625713,4222.2871640115045,5924.583346438119
1783336659,50,,Aggregated,23.100000,0.000000,7,11,14,16,44,57,84,110,4100,4200,4200,12735,0,7,29.338199457514854,3.0473560036625713,4222.2871640115045,5925.691480172753
1783336660,50,,Aggregated,22.700000,0.000000,7,11,14,16,44,57,83,110,4100,4200,4200,12758,0,7,29.316682721232628,3.0473560036625713,4222.2871640115045,5924.202539583007
1783336661,50,,Aggregated,23.000000,0.000000,7,11,14,16,44,56,83,110,4100,4200,4200,12782,0,7,29.2849251514985,3.0473560036625713,4222.2871640115045,5926.886480988891
1783336662,50,,Aggregated,22.300000,0.000000,7,11,14,16,44,56,83,110,4100,4200,4200,12802,0,7,29.260883759989568,3.0473560036625713,4222.2871640115045,5924.234885174192
1783336663,50,,Aggregated,21.900000,0.000000,7,11,14,16,44,57,83,110,4100,4200,4200,12822,0,7,29.25242647281681,3.0473560036625713,4222.2871640115045,5922.310949929808
1783336664,50,,Aggregated,21.600000,0.000000,7,11,14,16,44,56,83,110,4100,4200,4200,12847,0,7,29.21784203669462,3.0473560036625713,4222.2871640115045,5926.890091071846
1783336665,50,,Aggregated,22.500000,0.000000,7,11,14,16,44,56,83,110,4100,4200,4200,12865,0,7,29.190974455306254,3.0473560036625713,4222.2871640115045,5928.668091721725
1783336666,50,,Aggregated,21.900000,0.000000,7,11,14,16,44,56,83,110,4100,4200,4200,12891,0,7,29.158997458428587,3.0473560036625713,4222.2871640115045,5927.5412303157245
1783336667,50,,Aggregated,22.100000,0.000000,7,11,14,16,44,56,83,110,4100,4200,4200,12916,0,7,29.12007070204871,3.0473560036625713,4222.2871640115045,5922.067048621864
1783336668,50,,Aggregated,22.200000,0.000000,7,11,14,16,44,56,83,110,4100,4200,4200,12939,0,7,29.09083142651649,3.0473560036625713,4222.2871640115045,5920.061828580261
1783336669,50,,Aggregated,22.500000,0.000000,7,11,14,16,44,56,83,110,4100,4200,4200,12962,0,7,29.07080546957508,3.0473560036625713,4222.2871640115045,5920.020135781515
1783336670,50,,Aggregated,22.700000,0.000000,7,11,14,16,44,56,83,110,4100,4200,4200,12979,0,7,29.045818819670895,3.0473560036625713,4222.2871640115045,5923.275367901995
1783336671,50,,Aggregated,22.200000,0.000000,7,11,14,16,44,56,83,110,4100,4200,4200,13006,0,7,29.010024267078222,3.0473560036625713,4222.2871640115045,5926.711210210672
1783336672,50,,Aggregated,23.200000,0.000000,7,11,14,16,44,56,83,110,4100,4200,4200,13028,0,7,28.98364545490682,3.0473560036625713,4222.2871640115045,5928.702870739945
1783336673,50,,Aggregated,21.800000,0.000000,7,11,14,16,44,56,83,110,4100,4200,4200,13054,0,7,28.95207473729489,3.0473560036625713,4222.2871640115045,5929.042975333231
1783336674,50,,Aggregated,23.000000,0.000000,7,11,14,16,44,56,83,110,4100,4200,4200,13075,0,7,28.92315803592077,3.0473560036625713,4222.2871640115045,5925.735908221797
1783336675,50,,Aggregated,22.600000,0.000000,7,11,14,16,44,56,83,110,4100,4200,4200,13091,0,7,28.89657613136486,3.0473560036625713,4222.2871640115045,5926.029256741273
1783336676,50,,Aggregated,22.800000,0.000000,7,11,14,16,44,56,83,110,4100,4200,4200,13126,0,7,28.864936158590066,3.0473560036625713,4222.2871640115045,5927.566585403017
1783336677,50,,Aggregated,22.600000,0.000000,7,11,14,16,44,56,83,110,4100,4200,4200,13141,0,7,28.851308042206853,3.0473560036625713,4222.2871640115045,5930.1214519442965
1783336678,50,,Aggregated,22.600000,0.000000,7,11,14,16,44,56,82,110,4100,4200,4200,13168,0,7,28.813191293559314,3.0473560036625713,4222.2871640115045,5932.584219319562
1783336679,50,,Aggregated,23.100000,0.000000,7,11,14,16,44,56,82,110,4100,4200,4200,13183,0,7,28.805003708305666,3.0473560036625713,4222.2871640115045,5932.905029204278
1783336680,50,,Aggregated,22.300000,0.000000,7,11,14,16,44,56,82,110,4100,4200,4200,13210,0,7,28.777224952354587,3.0473560036625713,4222.2871640115045,5937.82975018925
1783336681,50,,Aggregated,23.100000,0.000000,7,11,14,16,44,56,83,110,4100,4200,4200,13237,0,7,28.75635325335291,3.0473560036625713,4222.2871640115045,5936.221047065045
1783336682,50,,Aggregated,21.800000,0.000000,7,11,14,16,44,56,82,110,4100,4200,4200,13252,0,7,28.74078246541232,3.0473560036625713,4222.2871640115045,5934.222155146393
1783336683,50,,Aggregated,23.100000,0.000000,7,11,14,16,44,56,82,110,4100,4200,4200,13283,0,7,28.705972818687588,3.0473560036625713,4222.2871640115045,5940.298652412858
1783336684,50,,Aggregated,22.300000,0.000000,7,11,14,16,44,56,82,110,4100,4200,4200,13302,0,7,28.67989865746668,3.0473560036625713,4222.2871640115045,5936.895504435423
1783336685,50,,Aggregated,22.300000,0.000000,7,11,14,16,44,56,82,110,4100,4200,4200,13328,0,7,28.648448515433287,3.0473560036625713,4222.2871640115045,5938.697328931573
1783336686,50,,Aggregated,22.800000,0.000000,7,11,14,16,44,56,82,110,4100,4200,4200,13354,0,7,28.615268055240513,3.0473560036625713,4222.2871640115045,5940.2906245319755
1783336687,50,,Aggregated,22.600000,0.000000,7,11,14,16,44,56,82,110,4100,4200,4200,13372,0,7,28.591048949423573,3.0473560036625713,4222.2871640115045,5942.253066108286
1783336688,50,,Aggregated,23.000000,0.000000,7,11,14,16,44,56,82,110,4100,4200,4200,13399,0,7,28.564414400606132,3.0473560036625713,4222.2871640115045,5941.223971938204
1783336689,50,,Aggregated,22.500000,0.000000,7,11,14,16,44,56,82,110,4100,4200,4200,13422,0,7,28.53678622371823,3.0473560036625713,4222.2871640115045,5941.820071524363
1783336690,50,,Aggregated,23.200000,0.000000,7,11,14,16,44,56,82,110,4100,4200,4200,13444,0,7,28.523038834543943,3.0473560036625713,4222.2871640115045,5938.81240702172
1783336691,50,,Aggregated,22.900000,0.000000,7,11,14,16,44,56,82,110,4100,4200,4200,13469,0,7,28.497976650130763,3.0473560036625713,4222.2871640115045,5938.862053604574
1783336692,50,,Aggregated,23.900000,0.000000,7,11,14,16,44,56,82,110,4100,4200,4200,13490,0,7,28.470680380618152,3.0473560036625713,4222.2871640115045,5938.327575982209
1783336693,50,,Aggregated,23.500000,0.000000,7,11,14,16,44,56,82,110,4100,4200,4200,13513,0,7,28.442150632175007,3.0473560036625713,4222.2871640115045,5938.677125730777
1783336694,50,,Aggregated,23.900000,0.000000,7,11,14,16,44,56,82,110,4100,4200,4200,13538,0,7,28.41574807317539,3.0473560036625713,4222.2871640115045,5937.763332840892
1783336695,50,,Aggregated,23.300000,0.000000,7,11,14,16,44,56,82,110,4100,4200,4200,13557,0,7,28.39125386698371,3.0473560036625713,4222.2871640115045,5938.2384008261415
1783336696,50,,Aggregated,23.100000,0.000000,7,11,14,16,44,56,82,110,4100,4200,4200,13574,0,7,28.3729774025845,3.0473560036625713,4222.2871640115045,5936.303889789303
1783336697,50,,Aggregated,23.900000,0.000000,7,11,14,16,44,56,82,110,4100,4200,4200,13602,0,7,28.35737073787862,3.0473560036625713,4222.2871640115045,5937.608219379503
1783336698,50,,Aggregated,23.300000,0.000000,7,11,14,16,44,56,82,110,4100,4200,4200,13627,0,7,28.324832139912065,3.0473560036625713,4222.2871640115045,5937.20268584428
1783336699,50,,Aggregated,22.300000,0.000000,7,11,14,16,44,56,82,110,4100,4200,4200,13646,0,7,28.296796623518365,3.0473560036625713,4222.2871640115045,5937.470540817822
1783336700,50,,Aggregated,22.600000,0.000000,7,11,14,16,44,56,82,110,4100,4200,4200,13667,0,7,28.26872534071054,3.0473560036625713,4222.2871640115045,5938.198726860321
1783336701,50,,Aggregated,22.800000,0.000000,7,11,14,16,44,56,82,110,4100,4200,4200,13695,0,7,28.24583063056166,3.0473560036625713,4222.2871640115045,5938.6233661920405
1783336702,50,,Aggregated,22.200000,0.000000,7,11,14,16,44,56,82,110,4100,4200,4200,13711,0,7,28.227820014331883,3.0473560036625713,4222.2871640115045,5937.275107577857
1783336703,50,,Aggregated,22.400000,0.000000,7,11,14,16,44,56,82,110,4100,4200,4200,13730,0,7,28.206241913806686,3.0473560036625713,4222.2871640115045,5939.824253459577
1783336704,50,,Aggregated,22.100000,0.000000,7,11,14,16,44,56,82,110,4100,4200,4200,13754,0,7,28.1917392191798,3.0473560036625713,4222.2871640115045,5941.618874509234
1783336705,50,,Aggregated,22.100000,0.000000,7,11,14,16,44,56,82,110,4100,4200,4200,13774,0,7,28.16776869069712,3.0473560036625713,4222.2871640115045,5940.835632350806
1783336706,50,,Aggregated,22.000000,0.000000,7,11,14,16,44,56,82,110,4100,4200,4200,13798,0,7,28.149714860306904,3.0473560036625713,4222.2871640115045,5938.915350050732
1783336707,50,,Aggregated,21.900000,0.000000,7,11,14,16,44,56,82,110,4100,4200,4200,13821,0,7,28.127982397254208,3.0473560036625713,4222.2871640115045,5942.410172925259
1783336708,50,,Aggregated,21.300000,0.000000,7,11,14,16,44,56,82,110,4100,4200,4200,13839,0,7,28.108187355985894,3.0473560036625713,4222.2871640115045,5941.261290555676
1783336709,50,,Aggregated,22.200000,0.000000,7,11,14,16,44,56,82,110,4100,4200,4200,13866,0,7,28.07282912704215,3.0473560036625713,4222.2871640115045,5943.1425789701425
1783336710,50,,Aggregated,22.000000,0.000000,7,11,14,16,44,56,82,110,4100,4200,4200,13886,0,7,28.0446312891065,3.0473560036625713,4222.2871640115045,5945.131787411781
1783336711,50,,Aggregated,21.000000,0.000000,7,11,14,16,44,56,82,110,4100,4200,4200,13907,0,7,28.024884458726824,3.0473560036625713,4222.2871640115045,5946.978571942187
